  3.0128717464133787E-314
  3.0128717464133787E-314
  3.0128717464133787E-314
  3.0128717464133787E-314
  3.0128717464133787E-314
  3.0128717464133787E-314
  3.0128717464133787E-314
  3.0128717464133787E-314
  3.0128717464133787E-314
  3.0128717464133787E-314
  3.0128717464133787E-314
  3.0128717464133787E-314
  3.0128717464133787E-314
  3.0128717464133787E-314
  3.0128717464133787E-314
  3.0128717464133787E-314
  3.0128717464133787E-314
  3.0128717464133787E-314
  3.0128717464133787E-314
  3.0128717464133787E-314
  3.0128717464133787E-314
  3.0128717464133787E-314
  3.0128717464133787E-314
  3.0128717464133787E-314
  3.0128717464133787E-314
  3.0128717464133787E-314
  3.0128717464133787E-314
  3.0128717464133787E-314
  3.0128717464133787E-314
  3.0128717464133787E-314
  3.0128717464133787E-314
  3.0128717464133787E-314
  3.0128717464133787E-314
  3.0128717464133787E-314
  3.0128717464133787E-314
  3.0128717464133787E-314
  3.0128717464133787E-314
  3.0128717464133787E-314
  3.0128717464133787E-314
  3.0128717464133787E-314
  3.0128717464133787E-314
  3.0128717464133787E-314
  3.0128717464133787E-314
  3.0128717464133787E-314
  3.0128717464133787E-314
  3.0128717464133787E-314
  3.0128717464133787E-314
  3.0128717464133787E-314
  3.0128717464133787E-314
  3.0128717464133787E-314
  3.0128717464133787E-314
  3.0128717464133787E-314
  3.0128717464133787E-314
  3.0128717464133787E-314
  3.0128717464133787E-314
  3.0128717464133787E-314
  3.0128717464133787E-314
  3.0128717464133787E-314
  3.0128717464133787E-314
  3.0128717464133787E-314
  3.0128717464133787E-314
  3.0128717464133787E-314
  3.0128717464133787E-314
  3.0128717464133787E-314
  3.0128717464133787E-314
  3.0128717464133787E-314
  3.0128717464133787E-314
  3.0128717464133787E-314
  3.0128717464133787E-314
  3.0128717464133787E-314
  3.0128717464133787E-314
  3.0128717464133787E-314
  3.0128717464133787E-314
  0.0000000000000000E+000
  0.0000000000000000E+000
  3.3886599331874944E-010
  1.8615433213833698E-002
  1.9339213430812863E-001
  4.2590072857207134E-001
  5.8455277875060585E-001
  6.7398181253093148E-001
  7.2333423705570987E-001
  7.5042117149519194E-001
  7.6405687020129631E-001
  7.6822155162639272E-001
  7.6405923389608021E-001
  7.5042655803921143E-001
  7.2334428599490175E-001
  6.7399997692392966E-001
  5.8458573147708959E-001
  4.2595683964600894E-001
  1.9345885377183561E-001
  1.8637392136137354E-002
  3.4581000425593542E-010
  0.0000000000000000E+000
  0.0000000000000000E+000
  0.0000000000000000E+000
  0.0000000000000000E+000
  0.0000000000000000E+000
  3.3886599331874944E-010
  1.8615433213833698E-002
  1.9339213430812863E-001
  4.2590072857207134E-001
  5.8455277875060585E-001
  6.7398181253093148E-001
  7.2333423705570987E-001
  7.5042117149519194E-001
  7.6405687020129631E-001
  7.6822155162639272E-001
  7.6405923389608021E-001
  7.5042655803921143E-001
  7.2334428599490175E-001
  6.7399997692392966E-001
  5.8458573147708959E-001
  4.2595683964600894E-001
  1.9345885377183561E-001
  1.8637392136137354E-002
  3.4581000425593542E-010
  0.0000000000000000E+000
  0.0000000000000000E+000
  0.0000000000000000E+000
