  2.1619839623800995E-314
  2.1619839623800995E-314
  2.1619839623800995E-314
  2.1619839623800995E-314
  2.1619839623800995E-314
  2.1619839623800995E-314
  2.1619839623800995E-314
  2.1619839623800995E-314
  2.1619839623800995E-314
  2.1619839623800995E-314
  2.1619839623800995E-314
  2.1619839623800995E-314
  2.1619839623800995E-314
  2.1619839623800995E-314
  2.1619839623800995E-314
  2.1619839623800995E-314
  2.1619839623800995E-314
  2.1619839623800995E-314
  2.1619839623800995E-314
  2.1619839623800995E-314
  2.1619839623800995E-314
  2.1619839623800995E-314
  2.1619839623800995E-314
  2.1619839623800995E-314
  2.1619839623800995E-314
  2.1619839623800995E-314
  2.1619839623800995E-314
  2.1619839623800995E-314
  2.1619839623800995E-314
  2.1619839623800995E-314
  2.1619839623800995E-314
  2.1619839623800995E-314
  2.1619839623800995E-314
  2.1619839623800995E-314
  2.1619839623800995E-314
  2.1619839623800995E-314
  2.1619839623800995E-314
  2.1619839623800995E-314
  2.1619839623800995E-314
  2.1619839623800995E-314
  2.1619839623800995E-314
  2.1619839623800995E-314
  2.1619839623800995E-314
  2.1619839623800995E-314
  2.1619839623800995E-314
  2.1619839623800995E-314
  2.1619839623800995E-314
  2.1619839623800995E-314
  2.1619839623800995E-314
  2.1619839623800995E-314
  2.1619839623800995E-314
  2.1619839623800995E-314
  2.1619839623800995E-314
  2.1619839623800995E-314
  2.1619839623800995E-314
  2.1619839623800995E-314
  2.1619839623800995E-314
  2.1619839623800995E-314
  2.1619839623800995E-314
  2.1619839623800995E-314
  2.1619839623800995E-314
  2.1619839623800995E-314
  2.1619839623800995E-314
  2.1619839623800995E-314
  2.1619839623800995E-314
  2.1619839623800995E-314
  2.1619839623800995E-314
  2.1619839623800995E-314
  2.1619839623800995E-314
  2.1619839623800995E-314
  2.1619839623800995E-314
  2.1619839623800995E-314
  2.1619839623800995E-314
  2.1551020069503207E-001
  2.0751970879532158E-001
  2.0800138363161097E-001
  2.1173061236249568E-001
  2.0706967536366438E-001
  2.1147865144189765E-001
  2.2236045838537619E-001
  2.4799599926335025E-001
  2.8268810521093607E-001
  3.1904296422928186E-001
  2.9924599311480782E-001
  2.8277447159161839E-001
  3.2238663818948576E-001
  3.6977630034784920E-001
  4.1352156814412844E-001
  4.1984456974826467E-001
  4.4331421805956844E-001
  4.3822434196506871E-001
  4.2200936619042362E-001
  3.8356809948069442E-001
  3.5487598776071655E-001
  3.2366516054654348E-001
  2.9128812213126387E-001
  2.5265714843983161E-001
  2.1523963917920660E-001
  2.0722024439567593E-001
  2.0764946195632147E-001
  2.1130624981449073E-001
  2.0655687419396698E-001
  2.1097675875909697E-001
  2.2192475002508552E-001
  2.4759432995646521E-001
  2.8224397420458119E-001
  3.1849103007240553E-001
  2.9877924582917137E-001
  2.8242106510933113E-001
  3.2190129717027965E-001
  3.6904093194423421E-001
  4.1254706086037507E-001
  4.1896382907125096E-001
  4.4224893963035866E-001
  4.3725707349918197E-001
  4.2138523270380773E-001
  3.8315879675520220E-001
  3.5450034689406690E-001
  3.2324635804134988E-001
  2.9081557490716675E-001
  2.5208688388506856E-001
