  3.5956307368526401E-314
  3.5956307368526401E-314
  3.5956307368526401E-314
  3.5956307368526401E-314
  3.5956307368526401E-314
  3.5956307368526401E-314
  3.5956307368526401E-314
  3.5956307368526401E-314
  3.5956307368526401E-314
  3.5956307368526401E-314
  3.5956307368526401E-314
  3.5956307368526401E-314
  3.5956307368526401E-314
  3.5956307368526401E-314
  3.5956307368526401E-314
  3.5956307368526401E-314
  3.5956307368526401E-314
  3.5956307368526401E-314
  3.5956307368526401E-314
  3.5956307368526401E-314
  3.5956307368526401E-314
  3.5956307368526401E-314
  3.5956307368526401E-314
  3.5956307368526401E-314
  3.5956307368526401E-314
  3.5956307368526401E-314
  3.5956307368526401E-314
  3.5956307368526401E-314
  3.5956307368526401E-314
  3.5956307368526401E-314
  3.5956307368526401E-314
  3.5956307368526401E-314
  3.5956307368526401E-314
  3.5956307368526401E-314
  3.5956307368526401E-314
  3.5956307368526401E-314
  3.5956307368526401E-314
  3.5956307368526401E-314
  3.5956307368526401E-314
  3.5956307368526401E-314
  3.5956307368526401E-314
  3.5956307368526401E-314
  3.5956307368526401E-314
  3.5956307368526401E-314
  3.5956307368526401E-314
  3.5956307368526401E-314
  3.5956307368526401E-314
  3.5956307368526401E-314
  3.5956307368526401E-314
  3.5956307368526401E-314
  3.5956307368526401E-314
  3.5956307368526401E-314
  3.5956307368526401E-314
  3.5956307368526401E-314
  3.5956307368526401E-314
  3.5956307368526401E-314
  3.5956307368526401E-314
  3.5956307368526401E-314
  3.5956307368526401E-314
  3.5956307368526401E-314
  3.5956307368526401E-314
  3.5956307368526401E-314
  3.5956307368526401E-314
  3.5956307368526401E-314
  3.5956307368526401E-314
  3.5956307368526401E-314
  3.5956307368526401E-314
  3.5956307368526401E-314
  3.5956307368526401E-314
  3.5956307368526401E-314
  3.5956307368526401E-314
  3.5956307368526401E-314
  3.5956307368526401E-314
  0.0000000000000000E+000
  0.0000000000000000E+000
  1.7282519343953665E-004
  9.4864885830046969E+003
  9.8493878729509393E+004
  2.1676838214003071E+005
  2.9725063729886030E+005
  3.4229464327003981E+005
  3.6675093225828948E+005
  3.7972832222541416E+005
  3.8578518003219500E+005
  3.8711221972490940E+005
  3.8435285219550092E+005
  3.7689918757946859E+005
  3.6280405532864761E+005
  3.3767410059863672E+005
  2.9260368522130308E+005
  2.1303003511036455E+005
  9.6675694330309576E+004
  9.3054415153159571E+003
  1.7248390644464669E-004
  0.0000000000000000E+000
  0.0000000000000000E+000
  0.0000000000000000E+000
  0.0000000000000000E+000
  0.0000000000000000E+000
  1.6764807016452488E-004
  9.1989180699572498E+003
  9.5469022852731548E+004
  2.1006464067811164E+005
  2.8809334607135755E+005
  3.3192708697552601E+005
  3.5596886569166667E+005
  3.6899887191512284E+005
  3.7535629221303394E+005
  3.7700640680396103E+005
  3.7453249418379855E+005
  3.6740968673236767E+005
  3.5373173195843445E+005
  3.2923383399176761E+005
  2.8526754327430733E+005
  2.0767278387327908E+005
  9.4245429679357418E+004
  9.0730288893010729E+003
  1.6823730122293246E-004
  0.0000000000000000E+000
  0.0000000000000000E+000
  0.0000000000000000E+000
