  3.5956307368526401E-314
  3.5956307368526401E-314
  3.5956307368526401E-314
  3.5956307368526401E-314
  3.5956307368526401E-314
  3.5956307368526401E-314
  3.5956307368526401E-314
  3.5956307368526401E-314
  3.5956307368526401E-314
  3.5956307368526401E-314
  3.5956307368526401E-314
  3.5956307368526401E-314
  3.5956307368526401E-314
  3.5956307368526401E-314
  3.5956307368526401E-314
  3.5956307368526401E-314
  3.5956307368526401E-314
  3.5956307368526401E-314
  3.5956307368526401E-314
  3.5956307368526401E-314
  3.5956307368526401E-314
  3.5956307368526401E-314
  3.5956307368526401E-314
  3.5956307368526401E-314
  3.5956307368526401E-314
  3.5956307368526401E-314
  3.5956307368526401E-314
  3.5956307368526401E-314
  3.5956307368526401E-314
  3.5956307368526401E-314
  3.5956307368526401E-314
  3.5956307368526401E-314
  3.5956307368526401E-314
  3.5956307368526401E-314
  3.5956307368526401E-314
  3.5956307368526401E-314
  3.5956307368526401E-314
  3.5956307368526401E-314
  3.5956307368526401E-314
  3.5956307368526401E-314
  3.5956307368526401E-314
  3.5956307368526401E-314
  3.5956307368526401E-314
  3.5956307368526401E-314
  3.5956307368526401E-314
  3.5956307368526401E-314
  3.5956307368526401E-314
  3.5956307368526401E-314
  3.5956307368526401E-314
  3.5956307368526401E-314
  3.5956307368526401E-314
  3.5956307368526401E-314
  3.5956307368526401E-314
  3.5956307368526401E-314
  3.5956307368526401E-314
  3.5956307368526401E-314
  3.5956307368526401E-314
  3.5956307368526401E-314
  3.5956307368526401E-314
  3.5956307368526401E-314
  3.5956307368526401E-314
  3.5956307368526401E-314
  3.5956307368526401E-314
  3.5956307368526401E-314
  3.5956307368526401E-314
  3.5956307368526401E-314
  3.5956307368526401E-314
  3.5956307368526401E-314
  3.5956307368526401E-314
  3.5956307368526401E-314
  3.5956307368526401E-314
  3.5956307368526401E-314
  3.5956307368526401E-314
  0.0000000000000000E+000
  0.0000000000000000E+000
  2.0881659329212563E-005
  1.1462892153483515E+003
  1.1915889097152682E+004
  2.6263163612592500E+004
  3.6043063389409777E+004
  4.1476487216820984E+004
  4.4319056798436533E+004
  4.5669917948813672E+004
  4.6113460485844837E+004
  4.5956996253674573E+004
  4.5331978657950327E+004
  4.4215874891128253E+004
  4.2399106097506570E+004
  3.9372212324574561E+004
  3.4086365490295946E+004
  2.4819155558220995E+004
  1.1269560901349158E+004
  1.0851561176796799E+003
  2.0105514032281372E-005
  0.0000000000000000E+000
  0.0000000000000000E+000
  0.0000000000000000E+000
  0.0000000000000000E+000
  0.0000000000000000E+000
  1.9124423212750819E-005
  1.0459819036562690E+003
  1.0830936340007211E+004
  2.3800386468708712E+004
  3.2623455151210448E+004
  3.7584961563789242E+004
  4.0308893197590063E+004
  4.1772650551340557E+004
  4.2452080729487869E+004
  4.2563292117270401E+004
  4.2176923265594771E+004
  4.1248299991237582E+004
  3.9603005004491737E+004
  3.6767604509380086E+004
  3.1784285850844364E+004
  2.3094131653809123E+004
  1.0464874546945839E+004
  1.0063688878893182E+003
  1.8646387385175174E-005
  0.0000000000000000E+000
  0.0000000000000000E+000
  0.0000000000000000E+000
