  3.5956307368526401E-314
  3.5956307368526401E-314
  3.5956307368526401E-314
  3.5956307368526401E-314
  3.5956307368526401E-314
  3.5956307368526401E-314
  3.5956307368526401E-314
  3.5956307368526401E-314
  3.5956307368526401E-314
  3.5956307368526401E-314
  3.5956307368526401E-314
  3.5956307368526401E-314
  3.5956307368526401E-314
  3.5956307368526401E-314
  3.5956307368526401E-314
  3.5956307368526401E-314
  3.5956307368526401E-314
  3.5956307368526401E-314
  3.5956307368526401E-314
  3.5956307368526401E-314
  3.5956307368526401E-314
  3.5956307368526401E-314
  3.5956307368526401E-314
  3.5956307368526401E-314
  3.5956307368526401E-314
  3.5956307368526401E-314
  3.5956307368526401E-314
  3.5956307368526401E-314
  3.5956307368526401E-314
  3.5956307368526401E-314
  3.5956307368526401E-314
  3.5956307368526401E-314
  3.5956307368526401E-314
  3.5956307368526401E-314
  3.5956307368526401E-314
  3.5956307368526401E-314
  3.5956307368526401E-314
  3.5956307368526401E-314
  3.5956307368526401E-314
  3.5956307368526401E-314
  3.5956307368526401E-314
  3.5956307368526401E-314
  3.5956307368526401E-314
  3.5956307368526401E-314
  3.5956307368526401E-314
  3.5956307368526401E-314
  3.5956307368526401E-314
  3.5956307368526401E-314
  3.5956307368526401E-314
  3.5956307368526401E-314
  3.5956307368526401E-314
  3.5956307368526401E-314
  3.5956307368526401E-314
  3.5956307368526401E-314
  3.5956307368526401E-314
  3.5956307368526401E-314
  3.5956307368526401E-314
  3.5956307368526401E-314
  3.5956307368526401E-314
  3.5956307368526401E-314
  3.5956307368526401E-314
  3.5956307368526401E-314
  3.5956307368526401E-314
  3.5956307368526401E-314
  3.5956307368526401E-314
  3.5956307368526401E-314
  3.5956307368526401E-314
  3.5956307368526401E-314
  3.5956307368526401E-314
  3.5956307368526401E-314
  3.5956307368526401E-314
  3.5956307368526401E-314
  3.5956307368526401E-314
  0.0000000000000000E+000
  0.0000000000000000E+000
  2.3550818033452312E-003
  1.2937275370322524E+005
  1.3439951032361605E+006
  2.9597452109136842E+006
  4.0621435857490469E+006
  4.6834380775764799E+006
  5.0262162984264987E+006
  5.2142772908310741E+006
  5.3088866041729199E+006
  5.3377074127026889E+006
  5.3086867199396724E+006
  5.2138738664089506E+006
  5.0256152090612017E+006
  4.6826834636434810E+006
  4.0613678675222527E+006
  2.9592198563627866E+006
  1.3439596575863368E+006
  1.2946954027488352E+005
  2.4021729772397871E-003
  0.0000000000000000E+000
  0.0000000000000000E+000
  0.0000000000000000E+000
  0.0000000000000000E+000
  0.0000000000000000E+000
  2.3535046863325140E-003
  1.2928539911373357E+005
  1.3430864037639836E+006
  2.9577500494411392E+006
  4.0594168672556980E+006
  4.6803012883976735E+006
  5.0228408485768447E+006
  5.2107424350393992E+006
  5.3052288378608292E+006
  5.3339510295680854E+006
  5.3048635082828552E+006
  5.2100368851279086E+006
  5.0218517853523586E+006
  4.6791356977302944E+006
  4.0582735158262909E+006
  2.9569646485388260E+006
  1.3429392359136809E+006
  1.2937181504773341E+005
  2.4003706197734597E-003
  0.0000000000000000E+000
  0.0000000000000000E+000
  0.0000000000000000E+000
