  3.5956307368526401E-314
  3.5956307368526401E-314
  3.5956307368526401E-314
  3.5956307368526401E-314
  3.5956307368526401E-314
  3.5956307368526401E-314
  3.5956307368526401E-314
  3.5956307368526401E-314
  3.5956307368526401E-314
  3.5956307368526401E-314
  3.5956307368526401E-314
  3.5956307368526401E-314
  3.5956307368526401E-314
  3.5956307368526401E-314
  3.5956307368526401E-314
  3.5956307368526401E-314
  3.5956307368526401E-314
  3.5956307368526401E-314
  3.5956307368526401E-314
  3.5956307368526401E-314
  3.5956307368526401E-314
  3.5956307368526401E-314
  3.5956307368526401E-314
  3.5956307368526401E-314
  3.5956307368526401E-314
  3.5956307368526401E-314
  3.5956307368526401E-314
  3.5956307368526401E-314
  3.5956307368526401E-314
  3.5956307368526401E-314
  3.5956307368526401E-314
  3.5956307368526401E-314
  3.5956307368526401E-314
  3.5956307368526401E-314
  3.5956307368526401E-314
  3.5956307368526401E-314
  3.5956307368526401E-314
  3.5956307368526401E-314
  3.5956307368526401E-314
  3.5956307368526401E-314
  3.5956307368526401E-314
  3.5956307368526401E-314
  3.5956307368526401E-314
  3.5956307368526401E-314
  3.5956307368526401E-314
  3.5956307368526401E-314
  3.5956307368526401E-314
  3.5956307368526401E-314
  3.5956307368526401E-314
  3.5956307368526401E-314
  3.5956307368526401E-314
  3.5956307368526401E-314
  3.5956307368526401E-314
  3.5956307368526401E-314
  3.5956307368526401E-314
  3.5956307368526401E-314
  3.5956307368526401E-314
  3.5956307368526401E-314
  3.5956307368526401E-314
  3.5956307368526401E-314
  3.5956307368526401E-314
  3.5956307368526401E-314
  3.5956307368526401E-314
  3.5956307368526401E-314
  3.5956307368526401E-314
  3.5956307368526401E-314
  3.5956307368526401E-314
  3.5956307368526401E-314
  3.5956307368526401E-314
  3.5956307368526401E-314
  3.5956307368526401E-314
  3.5956307368526401E-314
  3.5956307368526401E-314
  0.0000000000000000E+000
  0.0000000000000000E+000
  1.8657178497368690E-003
  1.0427629891437633E+005
  1.0057174851380937E+006
  1.9226069568096537E+006
  2.4250482830508566E+006
  2.8882178029406578E+006
  3.3887977837434188E+006
  3.8788856909617297E+006
  3.6625460189016582E+006
  3.4678201656475868E+006
  3.9457745907326322E+006
  4.4957075318871429E+006
  4.9572252224290892E+006
  4.8896614914402179E+006
  4.8348905977256075E+006
  3.9843518203326440E+006
  2.0502953960988808E+006
  1.8912803263906221E+005
  3.2483732280356573E-003
  0.0000000000000000E+000
  0.0000000000000000E+000
  0.0000000000000000E+000
  0.0000000000000000E+000
  0.0000000000000000E+000
  1.8625612046231045E-003
  1.0406730241920693E+005
  1.0032268592081587E+006
  1.9180441210011917E+006
  2.4202964768227786E+006
  2.8835398708510823E+006
  3.3834736468509096E+006
  3.8721753423770727E+006
  3.6568333829694376E+006
  3.4634861459638150E+006
  3.9398343747479422E+006
  4.4867669879211467E+006
  4.9455429972234145E+006
  4.8794040674251337E+006
  4.8232724170954209E+006
  3.9755573798971255E+006
  2.0472630984375484E+006
  1.8892621549282150E+005
  3.2449347825598725E-003
  0.0000000000000000E+000
  0.0000000000000000E+000
  0.0000000000000000E+000
