  3.5956307368526401E-314
  3.5956307368526401E-314
  3.5956307368526401E-314
  3.5956307368526401E-314
  3.5956307368526401E-314
  3.5956307368526401E-314
  3.5956307368526401E-314
  3.5956307368526401E-314
  3.5956307368526401E-314
  3.5956307368526401E-314
  3.5956307368526401E-314
  3.5956307368526401E-314
  3.5956307368526401E-314
  3.5956307368526401E-314
  3.5956307368526401E-314
  3.5956307368526401E-314
  3.5956307368526401E-314
  3.5956307368526401E-314
  3.5956307368526401E-314
  3.5956307368526401E-314
  3.5956307368526401E-314
  3.5956307368526401E-314
  3.5956307368526401E-314
  3.5956307368526401E-314
  3.5956307368526401E-314
  3.5956307368526401E-314
  3.5956307368526401E-314
  3.5956307368526401E-314
  3.5956307368526401E-314
  3.5956307368526401E-314
  3.5956307368526401E-314
  3.5956307368526401E-314
  3.5956307368526401E-314
  3.5956307368526401E-314
  3.5956307368526401E-314
  3.5956307368526401E-314
  3.5956307368526401E-314
  3.5956307368526401E-314
  3.5956307368526401E-314
  3.5956307368526401E-314
  3.5956307368526401E-314
  3.5956307368526401E-314
  3.5956307368526401E-314
  3.5956307368526401E-314
  3.5956307368526401E-314
  3.5956307368526401E-314
  3.5956307368526401E-314
  3.5956307368526401E-314
  3.5956307368526401E-314
  3.5956307368526401E-314
  3.5956307368526401E-314
  3.5956307368526401E-314
  3.5956307368526401E-314
  3.5956307368526401E-314
  3.5956307368526401E-314
  3.5956307368526401E-314
  3.5956307368526401E-314
  3.5956307368526401E-314
  3.5956307368526401E-314
  3.5956307368526401E-314
  3.5956307368526401E-314
  3.5956307368526401E-314
  3.5956307368526401E-314
  3.5956307368526401E-314
  3.5956307368526401E-314
  3.5956307368526401E-314
  3.5956307368526401E-314
  3.5956307368526401E-314
  3.5956307368526401E-314
  3.5956307368526401E-314
  3.5956307368526401E-314
  3.5956307368526401E-314
  3.5956307368526401E-314
  0.0000000000000000E+000
  0.0000000000000000E+000
  4.8887997085555383E-006
  2.6842881712280803E+002
  2.7964836326674235E+003
  6.1828705397523081E+003
  8.5088939654002606E+003
  9.8016087099536417E+003
  1.0453944613886177E+004
  1.0718563666041218E+004
  1.0741604723469292E+004
  1.0612191663843172E+004
  1.0378508717069570E+004
  1.0048598091173093E+004
  9.5822729155589641E+003
  8.8668553783536263E+003
  7.6643344554041969E+003
  5.5803901629099255E+003
  2.5359808226914752E+003
  2.4439400057690898E+002
  4.5287318822498694E-006
  0.0000000000000000E+000
  0.0000000000000000E+000
  0.0000000000000000E+000
  0.0000000000000000E+000
  0.0000000000000000E+000
  4.2008384553051190E-006
  2.2871939523541448E+002
  2.3604500274402703E+003
  5.1761385126433370E+003
  7.0879894502701663E+003
  8.1641269176724500E+003
  8.7562699036952890E+003
  9.0725139934084036E+003
  9.2114349579869722E+003
  9.2175974201532117E+003
  9.1073838560653021E+003
  8.8744991460312685E+003
  8.4823901419392532E+003
  7.8396150044767710E+003
  6.7509527765473313E+003
  4.8907428150287460E+003
  2.2119264366400466E+003
  2.1250728034906300E+002
  3.9365327165005592E-006
  0.0000000000000000E+000
  0.0000000000000000E+000
  0.0000000000000000E+000
