  3.5956307368526401E-314
  3.5956307368526401E-314
  3.5956307368526401E-314
  3.5956307368526401E-314
  3.5956307368526401E-314
  3.5956307368526401E-314
  3.5956307368526401E-314
  3.5956307368526401E-314
  3.5956307368526401E-314
  3.5956307368526401E-314
  3.5956307368526401E-314
  3.5956307368526401E-314
  3.5956307368526401E-314
  3.5956307368526401E-314
  3.5956307368526401E-314
  3.5956307368526401E-314
  3.5956307368526401E-314
  3.5956307368526401E-314
  3.5956307368526401E-314
  3.5956307368526401E-314
  3.5956307368526401E-314
  3.5956307368526401E-314
  3.5956307368526401E-314
  3.5956307368526401E-314
  3.5956307368526401E-314
  3.5956307368526401E-314
  3.5956307368526401E-314
  3.5956307368526401E-314
  3.5956307368526401E-314
  3.5956307368526401E-314
  3.5956307368526401E-314
  3.5956307368526401E-314
  3.5956307368526401E-314
  3.5956307368526401E-314
  3.5956307368526401E-314
  3.5956307368526401E-314
  3.5956307368526401E-314
  3.5956307368526401E-314
  3.5956307368526401E-314
  3.5956307368526401E-314
  3.5956307368526401E-314
  3.5956307368526401E-314
  3.5956307368526401E-314
  3.5956307368526401E-314
  3.5956307368526401E-314
  3.5956307368526401E-314
  3.5956307368526401E-314
  3.5956307368526401E-314
  3.5956307368526401E-314
  3.5956307368526401E-314
  3.5956307368526401E-314
  3.5956307368526401E-314
  3.5956307368526401E-314
  3.5956307368526401E-314
  3.5956307368526401E-314
  3.5956307368526401E-314
  3.5956307368526401E-314
  3.5956307368526401E-314
  3.5956307368526401E-314
  3.5956307368526401E-314
  3.5956307368526401E-314
  3.5956307368526401E-314
  3.5956307368526401E-314
  3.5956307368526401E-314
  3.5956307368526401E-314
  3.5956307368526401E-314
  3.5956307368526401E-314
  3.5956307368526401E-314
  3.5956307368526401E-314
  3.5956307368526401E-314
  3.5956307368526401E-314
  3.5956307368526401E-314
  3.5956307368526401E-314
  0.0000000000000000E+000
  0.0000000000000000E+000
  2.7985767746053023E-003
  1.5628086122687277E+005
  1.3968674125623866E+006
  2.2922867395259850E+006
  2.6826165190426297E+006
  3.0973622904214137E+006
  3.5824527404595623E+006
  4.0713660623460170E+006
  3.8311836859118240E+006
  3.6237933405041355E+006
  4.1274507854196699E+006
  4.7187897273302339E+006
  5.2404945764168771E+006
  5.2437070599249545E+006
  5.3483437013991894E+006
  4.7503150360343959E+006
  2.8475829575245455E+006
  2.8344918862275139E+005
  4.8725598420534880E-003
  0.0000000000000000E+000
  0.0000000000000000E+000
  0.0000000000000000E+000
  0.0000000000000000E+000
  0.0000000000000000E+000
  2.7938418069346554E-003
  1.5596763422707975E+005
  1.3934081168358822E+006
  2.2868465594718521E+006
  2.6773600159157338E+006
  3.0923456152812466E+006
  3.5768243524534525E+006
  4.0643227288552313E+006
  3.8252080183095243E+006
  3.6192643883331874E+006
  4.1212370627226974E+006
  4.7094055432559242E+006
  5.2281447970375139E+006
  5.2327069269262394E+006
  5.3354916994894845E+006
  4.7398299271589285E+006
  2.8433715062580695E+006
  2.8314672205788607E+005
  4.8674021738398087E-003
  0.0000000000000000E+000
  0.0000000000000000E+000
  0.0000000000000000E+000
