  3.5956307368526401E-314
  3.5956307368526401E-314
  3.5956307368526401E-314
  3.5956307368526401E-314
  3.5956307368526401E-314
  3.5956307368526401E-314
  3.5956307368526401E-314
  3.5956307368526401E-314
  3.5956307368526401E-314
  3.5956307368526401E-314
  3.5956307368526401E-314
  3.5956307368526401E-314
  3.5956307368526401E-314
  3.5956307368526401E-314
  3.5956307368526401E-314
  3.5956307368526401E-314
  3.5956307368526401E-314
  3.5956307368526401E-314
  3.5956307368526401E-314
  3.5956307368526401E-314
  3.5956307368526401E-314
  3.5956307368526401E-314
  3.5956307368526401E-314
  3.5956307368526401E-314
  3.5956307368526401E-314
  3.5956307368526401E-314
  3.5956307368526401E-314
  3.5956307368526401E-314
  3.5956307368526401E-314
  3.5956307368526401E-314
  3.5956307368526401E-314
  3.5956307368526401E-314
  3.5956307368526401E-314
  3.5956307368526401E-314
  3.5956307368526401E-314
  3.5956307368526401E-314
  3.5956307368526401E-314
  3.5956307368526401E-314
  3.5956307368526401E-314
  3.5956307368526401E-314
  3.5956307368526401E-314
  3.5956307368526401E-314
  3.5956307368526401E-314
  3.5956307368526401E-314
  3.5956307368526401E-314
  3.5956307368526401E-314
  3.5956307368526401E-314
  3.5956307368526401E-314
  3.5956307368526401E-314
  3.5956307368526401E-314
  3.5956307368526401E-314
  3.5956307368526401E-314
  3.5956307368526401E-314
  3.5956307368526401E-314
  3.5956307368526401E-314
  3.5956307368526401E-314
  3.5956307368526401E-314
  3.5956307368526401E-314
  3.5956307368526401E-314
  3.5956307368526401E-314
  3.5956307368526401E-314
  3.5956307368526401E-314
  3.5956307368526401E-314
  3.5956307368526401E-314
  3.5956307368526401E-314
  3.5956307368526401E-314
  3.5956307368526401E-314
  3.5956307368526401E-314
  3.5956307368526401E-314
  3.5956307368526401E-314
  3.5956307368526401E-314
  3.5956307368526401E-314
  3.5956307368526401E-314
  0.0000000000000000E+000
  0.0000000000000000E+000
  4.6642946243421725E-004
  2.6085810640663847E+004
  2.6875136536530853E+005
  6.4064063779206912E+005
  9.9535778209056961E+005
  1.3580286890780090E+006
  1.7293035941090162E+006
  2.0755499970939376E+006
  2.0086886423346181E+006
  1.9164736051420390E+006
  2.1640320151758436E+006
  2.4056278934939289E+006
  2.5297157795158704E+006
  2.2991666685081096E+006
  1.9845685277163445E+006
  1.3277323866824845E+006
  5.4791140744196798E+005
  4.7312434071949581E+004
  8.1209330700891434E-004
  0.0000000000000000E+000
  0.0000000000000000E+000
  0.0000000000000000E+000
  0.0000000000000000E+000
  0.0000000000000000E+000
  4.6564030115577612E-004
  2.6033527973803681E+004
  2.6808581154012837E+005
  6.3912023445007531E+005
  9.9340740966245742E+005
  1.3558291437470673E+006
  1.7265866869191232E+006
  2.0719593617684795E+006
  2.0055556013146213E+006
  1.9140784306718067E+006
  2.1607741459609829E+006
  2.4008438585461346E+006
  2.5237542368954266E+006
  2.2943435273885201E+006
  1.9797996347782416E+006
  1.3248017560766726E+006
  5.4710107031563739E+005
  4.7261947318120103E+004
  8.1123369563996812E-004
  0.0000000000000000E+000
  0.0000000000000000E+000
  0.0000000000000000E+000
