  3.5956307368526401E-314
  3.5956307368526401E-314
  3.5956307368526401E-314
  3.5956307368526401E-314
  3.5956307368526401E-314
  3.5956307368526401E-314
  3.5956307368526401E-314
  3.5956307368526401E-314
  3.5956307368526401E-314
  3.5956307368526401E-314
  3.5956307368526401E-314
  3.5956307368526401E-314
  3.5956307368526401E-314
  3.5956307368526401E-314
  3.5956307368526401E-314
  3.5956307368526401E-314
  3.5956307368526401E-314
  3.5956307368526401E-314
  3.5956307368526401E-314
  3.5956307368526401E-314
  3.5956307368526401E-314
  3.5956307368526401E-314
  3.5956307368526401E-314
  3.5956307368526401E-314
  3.5956307368526401E-314
  3.5956307368526401E-314
  3.5956307368526401E-314
  3.5956307368526401E-314
  3.5956307368526401E-314
  3.5956307368526401E-314
  3.5956307368526401E-314
  3.5956307368526401E-314
  3.5956307368526401E-314
  3.5956307368526401E-314
  3.5956307368526401E-314
  3.5956307368526401E-314
  3.5956307368526401E-314
  3.5956307368526401E-314
  3.5956307368526401E-314
  3.5956307368526401E-314
  3.5956307368526401E-314
  3.5956307368526401E-314
  3.5956307368526401E-314
  3.5956307368526401E-314
  3.5956307368526401E-314
  3.5956307368526401E-314
  3.5956307368526401E-314
  3.5956307368526401E-314
  3.5956307368526401E-314
  3.5956307368526401E-314
  3.5956307368526401E-314
  3.5956307368526401E-314
  3.5956307368526401E-314
  3.5956307368526401E-314
  3.5956307368526401E-314
  3.5956307368526401E-314
  3.5956307368526401E-314
  3.5956307368526401E-314
  3.5956307368526401E-314
  3.5956307368526401E-314
  3.5956307368526401E-314
  3.5956307368526401E-314
  3.5956307368526401E-314
  3.5956307368526401E-314
  3.5956307368526401E-314
  3.5956307368526401E-314
  3.5956307368526401E-314
  3.5956307368526401E-314
  3.5956307368526401E-314
  3.5956307368526401E-314
  3.5956307368526401E-314
  3.5956307368526401E-314
  3.5956307368526401E-314
  0.0000000000000000E+000
  0.0000000000000000E+000
  6.6024251287148011E-004
  3.6254059937545586E+004
  3.7646698098060215E+005
  8.2868205608772568E+005
  1.1367793263854417E+006
  1.3099490789655354E+006
  1.4050348054260381E+006
  1.4567772494717881E+006
  1.4823820111229743E+006
  1.4897240675224951E+006
  1.4809817990474747E+006
  1.4539299629720477E+006
  1.4008847377489521E+006
  1.3048068342863508E+006
  1.1312694095795876E+006
  8.2397182010664849E+005
  3.7407391059276054E+005
  3.6021907496499603E+004
  6.6807087110021843E-004
  0.0000000000000000E+000
  0.0000000000000000E+000
  0.0000000000000000E+000
  0.0000000000000000E+000
  0.0000000000000000E+000
  6.5291159673091788E-004
  3.5855356483242140E+004
  3.7237636606943520E+005
  8.1980916019949445E+005
  1.1248277720784738E+006
  1.2964722195186319E+006
  1.3909147500753710E+006
  1.4424709057476597E+006
  1.4681280194945752E+006
  1.4755674743055294E+006
  1.4670162235546331E+006
  1.4403079264971765E+006
  1.3878352277229675E+006
  1.2927256483323649E+006
  1.1208728308443967E+006
  8.1647334992798674E+005
  3.7071273794738628E+005
  3.5703256327066789E+004
  6.6226627093917897E-004
  0.0000000000000000E+000
  0.0000000000000000E+000
  0.0000000000000000E+000
