  3.5956307368526401E-314
  3.5956307368526401E-314
  3.5956307368526401E-314
  3.5956307368526401E-314
  3.5956307368526401E-314
  3.5956307368526401E-314
  3.5956307368526401E-314
  3.5956307368526401E-314
  3.5956307368526401E-314
  3.5956307368526401E-314
  3.5956307368526401E-314
  3.5956307368526401E-314
  3.5956307368526401E-314
  3.5956307368526401E-314
  3.5956307368526401E-314
  3.5956307368526401E-314
  3.5956307368526401E-314
  3.5956307368526401E-314
  3.5956307368526401E-314
  3.5956307368526401E-314
  3.5956307368526401E-314
  3.5956307368526401E-314
  3.5956307368526401E-314
  3.5956307368526401E-314
  3.5956307368526401E-314
  3.5956307368526401E-314
  3.5956307368526401E-314
  3.5956307368526401E-314
  3.5956307368526401E-314
  3.5956307368526401E-314
  3.5956307368526401E-314
  3.5956307368526401E-314
  3.5956307368526401E-314
  3.5956307368526401E-314
  3.5956307368526401E-314
  3.5956307368526401E-314
  3.5956307368526401E-314
  3.5956307368526401E-314
  3.5956307368526401E-314
  3.5956307368526401E-314
  3.5956307368526401E-314
  3.5956307368526401E-314
  3.5956307368526401E-314
  3.5956307368526401E-314
  3.5956307368526401E-314
  3.5956307368526401E-314
  3.5956307368526401E-314
  3.5956307368526401E-314
  3.5956307368526401E-314
  3.5956307368526401E-314
  3.5956307368526401E-314
  3.5956307368526401E-314
  3.5956307368526401E-314
  3.5956307368526401E-314
  3.5956307368526401E-314
  3.5956307368526401E-314
  3.5956307368526401E-314
  3.5956307368526401E-314
  3.5956307368526401E-314
  3.5956307368526401E-314
  3.5956307368526401E-314
  3.5956307368526401E-314
  3.5956307368526401E-314
  3.5956307368526401E-314
  3.5956307368526401E-314
  3.5956307368526401E-314
  3.5956307368526401E-314
  3.5956307368526401E-314
  3.5956307368526401E-314
  3.5956307368526401E-314
  3.5956307368526401E-314
  3.5956307368526401E-314
  3.5956307368526401E-314
  0.0000000000000000E+000
  0.0000000000000000E+000
  5.7738289640294352E-003
  3.1446589917525509E+005
  3.2656994838636303E+006
  7.1912457018022630E+006
  9.8697180074760579E+006
  1.1379506875635115E+007
  1.2212701298507793E+007
  1.2669996048561061E+007
  1.2900195386358179E+007
  1.2970493044636849E+007
  1.2900199379925393E+007
  1.2670005149366166E+007
  1.2212718276636403E+007
  1.1379537565182982E+007
  9.8697736825694609E+006
  7.1913405039512878E+006
  3.2658122093582833E+006
  3.1450299974879355E+005
  5.7855610293068155E-003
  0.0000000000000000E+000
  0.0000000000000000E+000
  0.0000000000000000E+000
  0.0000000000000000E+000
  0.0000000000000000E+000
  5.7738266077610239E-003
  3.1446589171731687E+005
  3.2656994612028324E+006
  7.1912456827443670E+006
  9.8697179962837715E+006
  1.1379506869465644E+007
  1.2212701295094702E+007
  1.2669996046731535E+007
  1.2900195385555359E+007
  1.2970493044636831E+007
  1.2900199380728196E+007
  1.2670005151195658E+007
  1.2212718280049438E+007
  1.1379537571352355E+007
  9.8697736937615629E+006
  7.1913405230089631E+006
  3.2658122320192098E+006
  3.1450300720728282E+005
  5.7855633899606832E-003
  0.0000000000000000E+000
  0.0000000000000000E+000
  0.0000000000000000E+000
