  3.5956307368526401E-314
  3.5956307368526401E-314
  3.5956307368526401E-314
  3.5956307368526401E-314
  3.5956307368526401E-314
  3.5956307368526401E-314
  3.5956307368526401E-314
  3.5956307368526401E-314
  3.5956307368526401E-314
  3.5956307368526401E-314
  3.5956307368526401E-314
  3.5956307368526401E-314
  3.5956307368526401E-314
  3.5956307368526401E-314
  3.5956307368526401E-314
  3.5956307368526401E-314
  3.5956307368526401E-314
  3.5956307368526401E-314
  3.5956307368526401E-314
  3.5956307368526401E-314
  3.5956307368526401E-314
  3.5956307368526401E-314
  3.5956307368526401E-314
  3.5956307368526401E-314
  3.5956307368526401E-314
  3.5956307368526401E-314
  3.5956307368526401E-314
  3.5956307368526401E-314
  3.5956307368526401E-314
  3.5956307368526401E-314
  3.5956307368526401E-314
  3.5956307368526401E-314
  3.5956307368526401E-314
  3.5956307368526401E-314
  3.5956307368526401E-314
  3.5956307368526401E-314
  3.5956307368526401E-314
  3.5956307368526401E-314
  3.5956307368526401E-314
  3.5956307368526401E-314
  3.5956307368526401E-314
  3.5956307368526401E-314
  3.5956307368526401E-314
  3.5956307368526401E-314
  3.5956307368526401E-314
  3.5956307368526401E-314
  3.5956307368526401E-314
  3.5956307368526401E-314
  3.5956307368526401E-314
  3.5956307368526401E-314
  3.5956307368526401E-314
  3.5956307368526401E-314
  3.5956307368526401E-314
  3.5956307368526401E-314
  3.5956307368526401E-314
  3.5956307368526401E-314
  3.5956307368526401E-314
  3.5956307368526401E-314
  3.5956307368526401E-314
  3.5956307368526401E-314
  3.5956307368526401E-314
  3.5956307368526401E-314
  3.5956307368526401E-314
  3.5956307368526401E-314
  3.5956307368526401E-314
  3.5956307368526401E-314
  3.5956307368526401E-314
  3.5956307368526401E-314
  3.5956307368526401E-314
  3.5956307368526401E-314
  3.5956307368526401E-314
  3.5956307368526401E-314
  3.5956307368526401E-314
  0.0000000000000000E+000
  0.0000000000000000E+000
  1.2600894543782313E-003
  6.9207830875029889E+004
  7.1882226305168506E+005
  1.5826472297171273E+006
  2.1716373501419649E+006
  2.5032149998588879E+006
  2.6858267543041236E+006
  2.7857277413513316E+006
  2.8357057003520215E+006
  2.8505648469330906E+006
  2.8345627862024186E+006
  2.7834646687148544E+006
  2.6825672242464996E+006
  2.4991589096707702E+006
  2.1672199245292186E+006
  1.5788249340064651E+006
  7.1690993291456380E+005
  6.9050200323518497E+004
  1.2809153919581648E-003
  0.0000000000000000E+000
  0.0000000000000000E+000
  0.0000000000000000E+000
  0.0000000000000000E+000
  0.0000000000000000E+000
  1.2537947521281676E-003
  6.8865976173255127E+004
  7.1532477172890911E+005
  1.5750854001087884E+006
  2.1614644446725887E+006
  2.4917136835970469E+006
  2.6736945037727230E+006
  2.7733125862166793E+006
  2.8231897991559221E+006
  2.8380676837387276E+006
  2.8221984226657175E+006
  2.7713781077785133E+006
  2.6709307542746929E+006
  2.4883434225370185E+006
  2.1579134853074430E+006
  1.5721535394760405E+006
  7.1393864797204966E+005
  6.8769758881183952E+004
  1.2758127118945902E-003
  0.0000000000000000E+000
  0.0000000000000000E+000
  0.0000000000000000E+000
