  3.5470540128323208E-314
  3.5470540128323208E-314
  3.5470540128323208E-314
  3.5470540128323208E-314
  3.5470540128323208E-314
  3.5470540128323208E-314
  3.5470540128323208E-314
  3.5470540128323208E-314
  3.5470540128323208E-314
  3.5470540128323208E-314
  3.5470540128323208E-314
  3.5470540128323208E-314
  3.5470540128323208E-314
  3.5470540128323208E-314
  3.5470540128323208E-314
  3.5470540128323208E-314
  3.5470540128323208E-314
  3.5470540128323208E-314
  3.5470540128323208E-314
  3.5470540128323208E-314
  3.5470540128323208E-314
  3.5470540128323208E-314
  3.5470540128323208E-314
  3.5470540128323208E-314
  3.5470540128323208E-314
  3.5470540128323208E-314
  3.5470540128323208E-314
  3.5470540128323208E-314
  3.5470540128323208E-314
  3.5470540128323208E-314
  3.5470540128323208E-314
  3.5470540128323208E-314
  3.5470540128323208E-314
  3.5470540128323208E-314
  3.5470540128323208E-314
  3.5470540128323208E-314
  3.5470540128323208E-314
  3.5470540128323208E-314
  3.5470540128323208E-314
  3.5470540128323208E-314
  3.5470540128323208E-314
  3.5470540128323208E-314
  3.5470540128323208E-314
  3.5470540128323208E-314
  3.5470540128323208E-314
  3.5470540128323208E-314
  3.5470540128323208E-314
  3.5470540128323208E-314
  3.5470540128323208E-314
  3.5470540128323208E-314
  3.5470540128323208E-314
  3.5470540128323208E-314
  3.5470540128323208E-314
  3.5470540128323208E-314
  3.5470540128323208E-314
  3.5470540128323208E-314
  3.5470540128323208E-314
  3.5470540128323208E-314
  3.5470540128323208E-314
  3.5470540128323208E-314
  3.5470540128323208E-314
  3.5470540128323208E-314
  3.5470540128323208E-314
  3.5470540128323208E-314
  3.5470540128323208E-314
  3.5470540128323208E-314
  3.5470540128323208E-314
  3.5470540128323208E-314
  3.5470540128323208E-314
  3.5470540128323208E-314
  3.5470540128323208E-314
  3.5470540128323208E-314
  3.5470540128323208E-314
  0.0000000000000000E+000
  0.0000000000000000E+000
  0.0000000000000000E+000
  0.0000000000000000E+000
  0.0000000000000000E+000
  0.0000000000000000E+000
  0.0000000000000000E+000
  0.0000000000000000E+000
  0.0000000000000000E+000
  0.0000000000000000E+000
  0.0000000000000000E+000
  0.0000000000000000E+000
  0.0000000000000000E+000
  0.0000000000000000E+000
  0.0000000000000000E+000
  0.0000000000000000E+000
  0.0000000000000000E+000
  0.0000000000000000E+000
  0.0000000000000000E+000
  0.0000000000000000E+000
  0.0000000000000000E+000
  0.0000000000000000E+000
  0.0000000000000000E+000
  0.0000000000000000E+000
  0.0000000000000000E+000
  0.0000000000000000E+000
  0.0000000000000000E+000
  0.0000000000000000E+000
  0.0000000000000000E+000
  0.0000000000000000E+000
  0.0000000000000000E+000
  0.0000000000000000E+000
  0.0000000000000000E+000
  0.0000000000000000E+000
  0.0000000000000000E+000
  0.0000000000000000E+000
  0.0000000000000000E+000
  0.0000000000000000E+000
  0.0000000000000000E+000
  1.0583365603925461E+005
  4.9664781118560932E+004
  8.1482701254116500E+002
  0.0000000000000000E+000
  0.0000000000000000E+000
  0.0000000000000000E+000
  0.0000000000000000E+000
  0.0000000000000000E+000
  0.0000000000000000E+000
