  3.5956307368526401E-314
  3.5956307368526401E-314
  3.5956307368526401E-314
  3.5956307368526401E-314
  3.5956307368526401E-314
  3.5956307368526401E-314
  3.5956307368526401E-314
  3.5956307368526401E-314
  3.5956307368526401E-314
  3.5956307368526401E-314
  3.5956307368526401E-314
  3.5956307368526401E-314
  3.5956307368526401E-314
  3.5956307368526401E-314
  3.5956307368526401E-314
  3.5956307368526401E-314
  3.5956307368526401E-314
  3.5956307368526401E-314
  3.5956307368526401E-314
  3.5956307368526401E-314
  3.5956307368526401E-314
  3.5956307368526401E-314
  3.5956307368526401E-314
  3.5956307368526401E-314
  3.5956307368526401E-314
  3.5956307368526401E-314
  3.5956307368526401E-314
  3.5956307368526401E-314
  3.5956307368526401E-314
  3.5956307368526401E-314
  3.5956307368526401E-314
  3.5956307368526401E-314
  3.5956307368526401E-314
  3.5956307368526401E-314
  3.5956307368526401E-314
  3.5956307368526401E-314
  3.5956307368526401E-314
  3.5956307368526401E-314
  3.5956307368526401E-314
  3.5956307368526401E-314
  3.5956307368526401E-314
  3.5956307368526401E-314
  3.5956307368526401E-314
  3.5956307368526401E-314
  3.5956307368526401E-314
  3.5956307368526401E-314
  3.5956307368526401E-314
  3.5956307368526401E-314
  3.5956307368526401E-314
  3.5956307368526401E-314
  3.5956307368526401E-314
  3.5956307368526401E-314
  3.5956307368526401E-314
  3.5956307368526401E-314
  3.5956307368526401E-314
  3.5956307368526401E-314
  3.5956307368526401E-314
  3.5956307368526401E-314
  3.5956307368526401E-314
  3.5956307368526401E-314
  3.5956307368526401E-314
  3.5956307368526401E-314
  3.5956307368526401E-314
  3.5956307368526401E-314
  3.5956307368526401E-314
  3.5956307368526401E-314
  3.5956307368526401E-314
  3.5956307368526401E-314
  3.5956307368526401E-314
  3.5956307368526401E-314
  3.5956307368526401E-314
  3.5956307368526401E-314
  3.5956307368526401E-314
  0.0000000000000000E+000
  0.0000000000000000E+000
  1.3992883873026512E-003
  7.8230642433492714E+004
  7.7725241535286210E+005
  1.6161797010083769E+006
  2.1639002161740242E+006
  2.6558031093252790E+006
  3.1638314708534712E+006
  3.6501677040305641E+006
  3.4599537624955680E+006
  3.2798255627011051E+006
  3.7275181371400305E+006
  4.2306252594687948E+006
  4.6281522559881108E+006
  4.4962167417500559E+006
  4.3142821624181150E+006
  3.3493948871950652E+006
  1.5845679034931380E+006
  1.4188859883567211E+005
  2.4362799210267440E-003
  0.0000000000000000E+000
  0.0000000000000000E+000
  0.0000000000000000E+000
  0.0000000000000000E+000
  0.0000000000000000E+000
  1.3969209034673277E-003
  7.8073848125930308E+004
  7.7532757557589794E+005
  1.6123440950949828E+006
  2.1596601214113669E+006
  2.6515016101183789E+006
  3.1588607783157048E+006
  3.6438530302716610E+006
  3.4545571187167736E+006
  3.2757264953132118E+006
  3.7219064980784715E+006
  4.2222118805139437E+006
  4.6172455260102246E+006
  4.4867846774518238E+006
  4.3039149972383790E+006
  3.3420019522438515E+006
  1.5822243965247632E+006
  1.4173719054520599E+005
  2.4337010869199044E-003
  0.0000000000000000E+000
  0.0000000000000000E+000
  0.0000000000000000E+000
