  3.5956307368526401E-314
  3.5956307368526401E-314
  3.5956307368526401E-314
  3.5956307368526401E-314
  3.5956307368526401E-314
  3.5956307368526401E-314
  3.5956307368526401E-314
  3.5956307368526401E-314
  3.5956307368526401E-314
  3.5956307368526401E-314
  3.5956307368526401E-314
  3.5956307368526401E-314
  3.5956307368526401E-314
  3.5956307368526401E-314
  3.5956307368526401E-314
  3.5956307368526401E-314
  3.5956307368526401E-314
  3.5956307368526401E-314
  3.5956307368526401E-314
  3.5956307368526401E-314
  3.5956307368526401E-314
  3.5956307368526401E-314
  3.5956307368526401E-314
  3.5956307368526401E-314
  3.5956307368526401E-314
  3.5956307368526401E-314
  3.5956307368526401E-314
  3.5956307368526401E-314
  3.5956307368526401E-314
  3.5956307368526401E-314
  3.5956307368526401E-314
  3.5956307368526401E-314
  3.5956307368526401E-314
  3.5956307368526401E-314
  3.5956307368526401E-314
  3.5956307368526401E-314
  3.5956307368526401E-314
  3.5956307368526401E-314
  3.5956307368526401E-314
  3.5956307368526401E-314
  3.5956307368526401E-314
  3.5956307368526401E-314
  3.5956307368526401E-314
  3.5956307368526401E-314
  3.5956307368526401E-314
  3.5956307368526401E-314
  3.5956307368526401E-314
  3.5956307368526401E-314
  3.5956307368526401E-314
  3.5956307368526401E-314
  3.5956307368526401E-314
  3.5956307368526401E-314
  3.5956307368526401E-314
  3.5956307368526401E-314
  3.5956307368526401E-314
  3.5956307368526401E-314
  3.5956307368526401E-314
  3.5956307368526401E-314
  3.5956307368526401E-314
  3.5956307368526401E-314
  3.5956307368526401E-314
  3.5956307368526401E-314
  3.5956307368526401E-314
  3.5956307368526401E-314
  3.5956307368526401E-314
  3.5956307368526401E-314
  3.5956307368526401E-314
  3.5956307368526401E-314
  3.5956307368526401E-314
  3.5956307368526401E-314
  3.5956307368526401E-314
  3.5956307368526401E-314
  3.5956307368526401E-314
  0.0000000000000000E+000
  0.0000000000000000E+000
  1.0157975206757602E-005
  5.5763042980423518E+002
  5.8014821217444569E+003
  1.2801324233074978E+004
  1.7583535681764224E+004
  2.0236761928611755E+004
  2.1601244328018700E+004
  2.2208039392509971E+004
  2.2349372884074572E+004
  2.2189442878345359E+004
  2.1807275146892047E+004
  2.1203625469005834E+004
  2.0284549121249456E+004
  1.8808438202760564E+004
  1.6272470020608822E+004
  1.1847994303405872E+004
  5.3814249387895516E+003
  5.1833004015388053E+002
  9.6033339835792462E-006
  0.0000000000000000E+000
  0.0000000000000000E+000
  0.0000000000000000E+000
  0.0000000000000000E+000
  0.0000000000000000E+000
  9.0307116605840565E-006
  4.9291809911125478E+002
  5.0962720998419900E+003
  1.1187568098179756E+004
  1.5326665630133763E+004
  1.7653717050781630E+004
  1.8931147420573656E+004
  1.9614376993944432E+004
  1.9922493661576442E+004
  1.9955391706358263E+004
  1.9747444229085086E+004
  1.9280812246202862E+004
  1.8469669100395382E+004
  1.7107333391603366E+004
  1.4760171333780543E+004
  1.0709427632144869E+004
  4.8486764382718666E+003
  4.6611003505340011E+002
  8.6363626197206379E-006
  0.0000000000000000E+000
  0.0000000000000000E+000
  0.0000000000000000E+000
