  3.5956307368526401E-314
  3.5956307368526401E-314
  3.5956307368526401E-314
  3.5956307368526401E-314
  3.5956307368526401E-314
  3.5956307368526401E-314
  3.5956307368526401E-314
  3.5956307368526401E-314
  3.5956307368526401E-314
  3.5956307368526401E-314
  3.5956307368526401E-314
  3.5956307368526401E-314
  3.5956307368526401E-314
  3.5956307368526401E-314
  3.5956307368526401E-314
  3.5956307368526401E-314
  3.5956307368526401E-314
  3.5956307368526401E-314
  3.5956307368526401E-314
  3.5956307368526401E-314
  3.5956307368526401E-314
  3.5956307368526401E-314
  3.5956307368526401E-314
  3.5956307368526401E-314
  3.5956307368526401E-314
  3.5956307368526401E-314
  3.5956307368526401E-314
  3.5956307368526401E-314
  3.5956307368526401E-314
  3.5956307368526401E-314
  3.5956307368526401E-314
  3.5956307368526401E-314
  3.5956307368526401E-314
  3.5956307368526401E-314
  3.5956307368526401E-314
  3.5956307368526401E-314
  3.5956307368526401E-314
  3.5956307368526401E-314
  3.5956307368526401E-314
  3.5956307368526401E-314
  3.5956307368526401E-314
  3.5956307368526401E-314
  3.5956307368526401E-314
  3.5956307368526401E-314
  3.5956307368526401E-314
  3.5956307368526401E-314
  3.5956307368526401E-314
  3.5956307368526401E-314
  3.5956307368526401E-314
  3.5956307368526401E-314
  3.5956307368526401E-314
  3.5956307368526401E-314
  3.5956307368526401E-314
  3.5956307368526401E-314
  3.5956307368526401E-314
  3.5956307368526401E-314
  3.5956307368526401E-314
  3.5956307368526401E-314
  3.5956307368526401E-314
  3.5956307368526401E-314
  3.5956307368526401E-314
  3.5956307368526401E-314
  3.5956307368526401E-314
  3.5956307368526401E-314
  3.5956307368526401E-314
  3.5956307368526401E-314
  3.5956307368526401E-314
  3.5956307368526401E-314
  3.5956307368526401E-314
  3.5956307368526401E-314
  3.5956307368526401E-314
  3.5956307368526401E-314
  3.5956307368526401E-314
  0.0000000000000000E+000
  0.0000000000000000E+000
  4.3107489743039028E-003
  2.3478474763077192E+005
  2.4382577819209313E+006
  5.3692572060507014E+006
  7.3692133772327462E+006
  8.4966119744218141E+006
  9.1188422580627184E+006
  9.4604057240246087E+006
  9.6324018593761716E+006
  9.6849980017110724E+006
  9.6326095668391529E+006
  9.4608153153671119E+006
  9.1194388993405942E+006
  8.4973631502039842E+006
  7.3700483789575575E+006
  5.3700259141105087E+006
  2.4387143784853304E+006
  2.3485377968076989E+005
  4.3203716988206419E-003
  0.0000000000000000E+000
  0.0000000000000000E+000
  0.0000000000000000E+000
  0.0000000000000000E+000
  0.0000000000000000E+000
  4.3117512652989676E-003
  2.3483643440685468E+005
  2.4387653197369892E+006
  5.3703141195338015E+006
  7.3705853636695882E+006
  8.4981083551840801E+006
  9.1203616402760185E+006
  9.4618972630535085E+006
  9.6338390937313531E+006
  9.6863658408587910E+006
  9.6338975184649415E+006
  9.4620131153121814E+006
  9.1205323650955297E+006
  8.4983282751266193E+006
  7.3708414489552286E+006
  5.3705734804837564E+006
  2.4389500524499328E+006
  2.3487529454078505E+005
  4.3207485107847263E-003
  0.0000000000000000E+000
  0.0000000000000000E+000
  0.0000000000000000E+000
