  3.5956307368526401E-314
  3.5956307368526401E-314
  3.5956307368526401E-314
  3.5956307368526401E-314
  3.5956307368526401E-314
  3.5956307368526401E-314
  3.5956307368526401E-314
  3.5956307368526401E-314
  3.5956307368526401E-314
  3.5956307368526401E-314
  3.5956307368526401E-314
  3.5956307368526401E-314
  3.5956307368526401E-314
  3.5956307368526401E-314
  3.5956307368526401E-314
  3.5956307368526401E-314
  3.5956307368526401E-314
  3.5956307368526401E-314
  3.5956307368526401E-314
  3.5956307368526401E-314
  3.5956307368526401E-314
  3.5956307368526401E-314
  3.5956307368526401E-314
  3.5956307368526401E-314
  3.5956307368526401E-314
  3.5956307368526401E-314
  3.5956307368526401E-314
  3.5956307368526401E-314
  3.5956307368526401E-314
  3.5956307368526401E-314
  3.5956307368526401E-314
  3.5956307368526401E-314
  3.5956307368526401E-314
  3.5956307368526401E-314
  3.5956307368526401E-314
  3.5956307368526401E-314
  3.5956307368526401E-314
  3.5956307368526401E-314
  3.5956307368526401E-314
  3.5956307368526401E-314
  3.5956307368526401E-314
  3.5956307368526401E-314
  3.5956307368526401E-314
  3.5956307368526401E-314
  3.5956307368526401E-314
  3.5956307368526401E-314
  3.5956307368526401E-314
  3.5956307368526401E-314
  3.5956307368526401E-314
  3.5956307368526401E-314
  3.5956307368526401E-314
  3.5956307368526401E-314
  3.5956307368526401E-314
  3.5956307368526401E-314
  3.5956307368526401E-314
  3.5956307368526401E-314
  3.5956307368526401E-314
  3.5956307368526401E-314
  3.5956307368526401E-314
  3.5956307368526401E-314
  3.5956307368526401E-314
  3.5956307368526401E-314
  3.5956307368526401E-314
  3.5956307368526401E-314
  3.5956307368526401E-314
  3.5956307368526401E-314
  3.5956307368526401E-314
  3.5956307368526401E-314
  3.5956307368526401E-314
  3.5956307368526401E-314
  3.5956307368526401E-314
  3.5956307368526401E-314
  3.5956307368526401E-314
  0.0000000000000000E+000
  0.0000000000000000E+000
  8.6584428770779647E-005
  4.7513313625831015E+003
  4.9325110206484089E+004
  1.0854974960949976E+005
  1.4882912748746568E+005
  1.7132194820336462E+005
  1.8345218932314697E+005
  1.8977760697318841E+005
  1.9259311186729957E+005
  1.9298320395846805E+005
  1.9131482517732648E+005
  1.8736578231490747E+005
  1.8018476238127649E+005
  1.6759675206536049E+005
  1.4517600894341993E+005
  1.0567989972165505E+005
  4.7956240933359863E+004
  4.6155338923510099E+003
  8.5530825281153084E-005
  0.0000000000000000E+000
  0.0000000000000000E+000
  0.0000000000000000E+000
  0.0000000000000000E+000
  0.0000000000000000E+000
  8.2702859819086449E-005
  4.5344528299700905E+003
  4.7033047836604259E+004
  1.0344964113219488E+005
  1.4184378293710318E+005
  1.6340264370355022E+005
  1.7521532690044187E+005
  1.8159291632619061E+005
  1.8465911124483406E+005
  1.8537755327226559E+005
  1.8404364783566081E+005
  1.8041347286606091E+005
  1.7356853271037777E+005
  1.6143554286736329E+005
  1.3981026651569258E+005
  1.0174845854567231E+005
  4.6161857614050408E+004
  4.4429404198397251E+003
  8.2366791241342849E-005
  0.0000000000000000E+000
  0.0000000000000000E+000
  0.0000000000000000E+000
