  3.5956307368526401E-314
  3.5956307368526401E-314
  3.5956307368526401E-314
  3.5956307368526401E-314
  3.5956307368526401E-314
  3.5956307368526401E-314
  3.5956307368526401E-314
  3.5956307368526401E-314
  3.5956307368526401E-314
  3.5956307368526401E-314
  3.5956307368526401E-314
  3.5956307368526401E-314
  3.5956307368526401E-314
  3.5956307368526401E-314
  3.5956307368526401E-314
  3.5956307368526401E-314
  3.5956307368526401E-314
  3.5956307368526401E-314
  3.5956307368526401E-314
  3.5956307368526401E-314
  3.5956307368526401E-314
  3.5956307368526401E-314
  3.5956307368526401E-314
  3.5956307368526401E-314
  3.5956307368526401E-314
  3.5956307368526401E-314
  3.5956307368526401E-314
  3.5956307368526401E-314
  3.5956307368526401E-314
  3.5956307368526401E-314
  3.5956307368526401E-314
  3.5956307368526401E-314
  3.5956307368526401E-314
  3.5956307368526401E-314
  3.5956307368526401E-314
  3.5956307368526401E-314
  3.5956307368526401E-314
  3.5956307368526401E-314
  3.5956307368526401E-314
  3.5956307368526401E-314
  3.5956307368526401E-314
  3.5956307368526401E-314
  3.5956307368526401E-314
  3.5956307368526401E-314
  3.5956307368526401E-314
  3.5956307368526401E-314
  3.5956307368526401E-314
  3.5956307368526401E-314
  3.5956307368526401E-314
  3.5956307368526401E-314
  3.5956307368526401E-314
  3.5956307368526401E-314
  3.5956307368526401E-314
  3.5956307368526401E-314
  3.5956307368526401E-314
  3.5956307368526401E-314
  3.5956307368526401E-314
  3.5956307368526401E-314
  3.5956307368526401E-314
  3.5956307368526401E-314
  3.5956307368526401E-314
  3.5956307368526401E-314
  3.5956307368526401E-314
  3.5956307368526401E-314
  3.5956307368526401E-314
  3.5956307368526401E-314
  3.5956307368526401E-314
  3.5956307368526401E-314
  3.5956307368526401E-314
  3.5956307368526401E-314
  3.5956307368526401E-314
  3.5956307368526401E-314
  3.5956307368526401E-314
  0.0000000000000000E+000
  0.0000000000000000E+000
  3.4048255275014174E-004
  1.8691246428755039E+004
  1.9406236599384231E+005
  4.2709800265182613E+005
  5.8574329888354207E+005
  6.7472717581587681E+005
  7.2335929756633379E+005
  7.4956954603098030E+005
  7.6226455617511692E+005
  7.6562730282257171E+005
  7.6074677187232778E+005
  7.4650110053488100E+005
  7.1897413034551335E+005
  6.6943833540165995E+005
  5.8024207040741877E+005
  4.2252319037616765E+005
  1.9177639435905844E+005
  1.8462740318100197E+004
  3.4231506587820355E-004
  0.0000000000000000E+000
  0.0000000000000000E+000
  0.0000000000000000E+000
  0.0000000000000000E+000
  0.0000000000000000E+000
  3.3376193791056613E-004
  1.8322319936341810E+004
  1.9022815039930897E+005
  4.1869481359548081E+005
  5.7435600838658656E+005
  6.6187721026869677E+005
  7.0995756794038857E+005
  7.3611539550513891E+005
  7.4901747023193398E+005
  7.5258636488449411E+005
  7.4797285253479774E+005
  7.3409552333029173E+005
  7.0710489257660811E+005
  6.5849039729670063E+005
  5.7082117603318964E+005
  4.1571406490987871E+005
  1.8871571727930571E+005
  1.8172033288310791E+004
  3.3702159238098537E-004
  0.0000000000000000E+000
  0.0000000000000000E+000
  0.0000000000000000E+000
