  3.5956307368526401E-314
  3.5956307368526401E-314
  3.5956307368526401E-314
  3.5956307368526401E-314
  3.5956307368526401E-314
  3.5956307368526401E-314
  3.5956307368526401E-314
  3.5956307368526401E-314
  3.5956307368526401E-314
  3.5956307368526401E-314
  3.5956307368526401E-314
  3.5956307368526401E-314
  3.5956307368526401E-314
  3.5956307368526401E-314
  3.5956307368526401E-314
  3.5956307368526401E-314
  3.5956307368526401E-314
  3.5956307368526401E-314
  3.5956307368526401E-314
  3.5956307368526401E-314
  3.5956307368526401E-314
  3.5956307368526401E-314
  3.5956307368526401E-314
  3.5956307368526401E-314
  3.5956307368526401E-314
  3.5956307368526401E-314
  3.5956307368526401E-314
  3.5956307368526401E-314
  3.5956307368526401E-314
  3.5956307368526401E-314
  3.5956307368526401E-314
  3.5956307368526401E-314
  3.5956307368526401E-314
  3.5956307368526401E-314
  3.5956307368526401E-314
  3.5956307368526401E-314
  3.5956307368526401E-314
  3.5956307368526401E-314
  3.5956307368526401E-314
  3.5956307368526401E-314
  3.5956307368526401E-314
  3.5956307368526401E-314
  3.5956307368526401E-314
  3.5956307368526401E-314
  3.5956307368526401E-314
  3.5956307368526401E-314
  3.5956307368526401E-314
  3.5956307368526401E-314
  3.5956307368526401E-314
  3.5956307368526401E-314
  3.5956307368526401E-314
  3.5956307368526401E-314
  3.5956307368526401E-314
  3.5956307368526401E-314
  3.5956307368526401E-314
  3.5956307368526401E-314
  3.5956307368526401E-314
  3.5956307368526401E-314
  3.5956307368526401E-314
  3.5956307368526401E-314
  3.5956307368526401E-314
  3.5956307368526401E-314
  3.5956307368526401E-314
  3.5956307368526401E-314
  3.5956307368526401E-314
  3.5956307368526401E-314
  3.5956307368526401E-314
  3.5956307368526401E-314
  3.5956307368526401E-314
  3.5956307368526401E-314
  3.5956307368526401E-314
  3.5956307368526401E-314
  3.5956307368526401E-314
  0.0000000000000000E+000
  0.0000000000000000E+000
  2.3321473121710855E-003
  1.3029524314913007E+005
  1.2125837023880170E+006
  2.1390760349413808E+006
  2.5828514606805295E+006
  3.0186587062101047E+006
  3.5105555541261188E+006
  4.0003866944252383E+006
  3.7691979745617281E+006
  3.5665182622043015E+006
  4.0606725730966432E+006
  4.6365256892170645E+006
  5.1353270294616697E+006
  5.1104761592878783E+006
  5.1494679547180953E+006
  4.4328768053824762E+006
  2.4719675715524359E+006
  2.3631890381998773E+005
  4.0604665350445733E-003
  0.0000000000000000E+000
  0.0000000000000000E+000
  0.0000000000000000E+000
  0.0000000000000000E+000
  0.0000000000000000E+000
  2.3282015057788804E-003
  1.3003409800455824E+005
  1.2095807791456420E+006
  2.1339994628970088E+006
  2.5777904440637310E+006
  3.0137695041510090E+006
  3.5050401237193276E+006
  3.9934661529780999E+006
  3.7633189888304872E+006
  3.5620608914028830E+006
  4.0545593824992999E+006
  4.6273051023617359E+006
  5.1232250885227118E+006
  5.0997555151335606E+006
  5.1370938486989383E+006
  4.4230923604386365E+006
  2.4683116390949120E+006
  2.3606672963879330E+005
  4.0561684781998415E-003
  0.0000000000000000E+000
  0.0000000000000000E+000
  0.0000000000000000E+000
