  3.5956307368526401E-314
  3.5956307368526401E-314
  3.5956307368526401E-314
  3.5956307368526401E-314
  3.5956307368526401E-314
  3.5956307368526401E-314
  3.5956307368526401E-314
  3.5956307368526401E-314
  3.5956307368526401E-314
  3.5956307368526401E-314
  3.5956307368526401E-314
  3.5956307368526401E-314
  3.5956307368526401E-314
  3.5956307368526401E-314
  3.5956307368526401E-314
  3.5956307368526401E-314
  3.5956307368526401E-314
  3.5956307368526401E-314
  3.5956307368526401E-314
  3.5956307368526401E-314
  3.5956307368526401E-314
  3.5956307368526401E-314
  3.5956307368526401E-314
  3.5956307368526401E-314
  3.5956307368526401E-314
  3.5956307368526401E-314
  3.5956307368526401E-314
  3.5956307368526401E-314
  3.5956307368526401E-314
  3.5956307368526401E-314
  3.5956307368526401E-314
  3.5956307368526401E-314
  3.5956307368526401E-314
  3.5956307368526401E-314
  3.5956307368526401E-314
  3.5956307368526401E-314
  3.5956307368526401E-314
  3.5956307368526401E-314
  3.5956307368526401E-314
  3.5956307368526401E-314
  3.5956307368526401E-314
  3.5956307368526401E-314
  3.5956307368526401E-314
  3.5956307368526401E-314
  3.5956307368526401E-314
  3.5956307368526401E-314
  3.5956307368526401E-314
  3.5956307368526401E-314
  3.5956307368526401E-314
  3.5956307368526401E-314
  3.5956307368526401E-314
  3.5956307368526401E-314
  3.5956307368526401E-314
  3.5956307368526401E-314
  3.5956307368526401E-314
  3.5956307368526401E-314
  3.5956307368526401E-314
  3.5956307368526401E-314
  3.5956307368526401E-314
  3.5956307368526401E-314
  3.5956307368526401E-314
  3.5956307368526401E-314
  3.5956307368526401E-314
  3.5956307368526401E-314
  3.5956307368526401E-314
  3.5956307368526401E-314
  3.5956307368526401E-314
  3.5956307368526401E-314
  3.5956307368526401E-314
  3.5956307368526401E-314
  3.5956307368526401E-314
  3.5956307368526401E-314
  3.5956307368526401E-314
  0.0000000000000000E+000
  0.0000000000000000E+000
  7.1378332344777242E-003
  3.8875504630060832E+005
  4.0371854543940267E+006
  8.8900992543078735E+006
  1.2201331499006053E+007
  1.4067791559968697E+007
  1.5097819099650379E+007
  1.5663144758795720E+007
  1.5947726185457231E+007
  1.6034630900628641E+007
  1.5947731122461246E+007
  1.5663156009567011E+007
  1.5097840088677140E+007
  1.4067829499588329E+007
  1.2201400326734502E+007
  8.8902164524331074E+006
  4.0373248100602790E+006
  3.8880091148097144E+005
  7.1523368725258281E-003
  0.0000000000000000E+000
  0.0000000000000000E+000
  0.0000000000000000E+000
  0.0000000000000000E+000
  0.0000000000000000E+000
  7.1378303215665368E-003
  3.8875503708081343E+005
  4.0371854263798604E+006
  8.8900992307477538E+006
  1.2201331485169716E+007
  1.4067791552341748E+007
  1.5097819095430983E+007
  1.5663144756533990E+007
  1.5947726184464747E+007
  1.6034630900628624E+007
  1.5947731123453701E+007
  1.5663156011828702E+007
  1.5097840092896467E+007
  1.4067829507215150E+007
  1.2201400340570614E+007
  8.8902164759929478E+006
  4.0373248380746036E+006
  3.8880092070144770E+005
  7.1523397908584878E-003
  0.0000000000000000E+000
  0.0000000000000000E+000
  0.0000000000000000E+000
