  3.5469669940382501E-314
  3.5469669940382501E-314
  3.5469669940382501E-314
  3.5469669940382501E-314
  3.5469669940382501E-314
  3.5469669940382501E-314
  3.5469669940382501E-314
  3.5469669940382501E-314
  3.5469669940382501E-314
  3.5469669940382501E-314
  3.5469669940382501E-314
  3.5469669940382501E-314
  3.5469669940382501E-314
  3.5469669940382501E-314
  3.5469669940382501E-314
  3.5469669940382501E-314
  3.5469669940382501E-314
  3.5469669940382501E-314
  3.5469669940382501E-314
  3.5469669940382501E-314
  3.5469669940382501E-314
  3.5469669940382501E-314
  3.5469669940382501E-314
  3.5469669940382501E-314
  3.5469669940382501E-314
  3.5469669940382501E-314
  3.5469669940382501E-314
  3.5469669940382501E-314
  3.5469669940382501E-314
  3.5469669940382501E-314
  3.5469669940382501E-314
  3.5469669940382501E-314
  3.5469669940382501E-314
  3.5469669940382501E-314
  3.5469669940382501E-314
  3.5469669940382501E-314
  3.5469669940382501E-314
  3.5469669940382501E-314
  3.5469669940382501E-314
  3.5469669940382501E-314
  3.5469669940382501E-314
  3.5469669940382501E-314
  3.5469669940382501E-314
  3.5469669940382501E-314
  3.5469669940382501E-314
  3.5469669940382501E-314
  3.5469669940382501E-314
  3.5469669940382501E-314
  3.5469669940382501E-314
  3.5469669940382501E-314
  3.5469669940382501E-314
  3.5469669940382501E-314
  3.5469669940382501E-314
  3.5469669940382501E-314
  3.5469669940382501E-314
  3.5469669940382501E-314
  3.5469669940382501E-314
  3.5469669940382501E-314
  3.5469669940382501E-314
  3.5469669940382501E-314
  3.5469669940382501E-314
  3.5469669940382501E-314
  3.5469669940382501E-314
  3.5469669940382501E-314
  3.5469669940382501E-314
  3.5469669940382501E-314
  3.5469669940382501E-314
  3.5469669940382501E-314
  3.5469669940382501E-314
  3.5469669940382501E-314
  3.5469669940382501E-314
  3.5469669940382501E-314
  3.5469669940382501E-314
  0.0000000000000000E+000
  0.0000000000000000E+000
  0.0000000000000000E+000
  0.0000000000000000E+000
  0.0000000000000000E+000
  0.0000000000000000E+000
  0.0000000000000000E+000
  0.0000000000000000E+000
  0.0000000000000000E+000
  0.0000000000000000E+000
  0.0000000000000000E+000
  0.0000000000000000E+000
  0.0000000000000000E+000
  0.0000000000000000E+000
  0.0000000000000000E+000
  0.0000000000000000E+000
  0.0000000000000000E+000
  0.0000000000000000E+000
  0.0000000000000000E+000
  0.0000000000000000E+000
  0.0000000000000000E+000
  0.0000000000000000E+000
  0.0000000000000000E+000
  0.0000000000000000E+000
  0.0000000000000000E+000
  0.0000000000000000E+000
  0.0000000000000000E+000
  0.0000000000000000E+000
  0.0000000000000000E+000
  0.0000000000000000E+000
  0.0000000000000000E+000
  0.0000000000000000E+000
  0.0000000000000000E+000
  0.0000000000000000E+000
  0.0000000000000000E+000
  0.0000000000000000E+000
  0.0000000000000000E+000
  0.0000000000000000E+000
  0.0000000000000000E+000
  4.6019490061169327E+005
  4.7534900560072938E+005
  5.0188070557148708E+005
  5.3088752394378220E+005
  5.4172869097061723E+005
  5.2661135350896139E+005
  5.0868108231730765E+005
  5.0112096530271310E+005
  4.9806112037043553E+005
