  3.5955437180585694E-314
  3.5955437180585694E-314
  3.5955437180585694E-314
  3.5955437180585694E-314
  3.5955437180585694E-314
  3.5955437180585694E-314
  3.5955437180585694E-314
  3.5955437180585694E-314
  3.5955437180585694E-314
  3.5955437180585694E-314
  3.5955437180585694E-314
  3.5955437180585694E-314
  3.5955437180585694E-314
  3.5955437180585694E-314
  3.5955437180585694E-314
  3.5955437180585694E-314
  3.5955437180585694E-314
  3.5955437180585694E-314
  3.5955437180585694E-314
  3.5955437180585694E-314
  3.5955437180585694E-314
  3.5955437180585694E-314
  3.5955437180585694E-314
  3.5955437180585694E-314
  3.5955437180585694E-314
  3.5955437180585694E-314
  3.5955437180585694E-314
  3.5955437180585694E-314
  3.5955437180585694E-314
  3.5955437180585694E-314
  3.5955437180585694E-314
  3.5955437180585694E-314
  3.5955437180585694E-314
  3.5955437180585694E-314
  3.5955437180585694E-314
  3.5955437180585694E-314
  3.5955437180585694E-314
  3.5955437180585694E-314
  3.5955437180585694E-314
  3.5955437180585694E-314
  3.5955437180585694E-314
  3.5955437180585694E-314
  3.5955437180585694E-314
  3.5955437180585694E-314
  3.5955437180585694E-314
  3.5955437180585694E-314
  3.5955437180585694E-314
  3.5955437180585694E-314
  3.5955437180585694E-314
  3.5955437180585694E-314
  3.5955437180585694E-314
  3.5955437180585694E-314
  3.5955437180585694E-314
  3.5955437180585694E-314
  3.5955437180585694E-314
  3.5955437180585694E-314
  3.5955437180585694E-314
  3.5955437180585694E-314
  3.5955437180585694E-314
  3.5955437180585694E-314
  3.5955437180585694E-314
  3.5955437180585694E-314
  3.5955437180585694E-314
  3.5955437180585694E-314
  3.5955437180585694E-314
  3.5955437180585694E-314
  3.5955437180585694E-314
  3.5955437180585694E-314
  3.5955437180585694E-314
  3.5955437180585694E-314
  3.5955437180585694E-314
  3.5955437180585694E-314
  3.5955437180585694E-314
  6.5581312180095939E+006
  6.5582326690046405E+006
  6.5583281969073974E+006
  6.5584182310300972E+006
  6.5585031551432926E+006
  6.5585833000885230E+006
  6.5586589630573168E+006
  6.5587304169199998E+006
  6.5587979132200098E+006
  6.5588616835758546E+006
  6.5589219414399890E+006
  6.5589788845228115E+006
  6.5590326974851182E+006
  6.5590835543826176E+006
  6.5591316204946786E+006
  6.5591770533935782E+006
  6.5592200033183852E+006
  6.5592606145759523E+006
  6.5592990354891950E+006
  6.5593354118663911E+006
  6.5593698702600161E+006
  6.5594025198044451E+006
  6.5594334582562111E+006
  6.5594627756419554E+006
  6.5594905560491513E+006
  6.5595168786002416E+006
  6.5595418181316359E+006
  6.5595654457177715E+006
  6.5595878290565545E+006
  6.5596090327049494E+006
  6.5596291181774456E+006
  6.5596481447473159E+006
  6.5596661742854398E+006
  6.5596832699336158E+006
  6.5596994882153086E+006
  6.5597148779380377E+006
  6.5597294822338885E+006
  6.5597433402648354E+006
  6.5597564882894205E+006
  6.5597689603242502E+006
  6.5597807885794155E+006
  6.5597920037667425E+006
  6.5598026364295371E+006
  6.5598127199853966E+006
  6.5598222886731615E+006
  6.5598313736042511E+006
  6.5598400018129274E+006
  6.5598481978900116E+006
