  3.5955437180585694E-314
  3.5955437180585694E-314
  3.5955437180585694E-314
  3.5955437180585694E-314
  3.5955437180585694E-314
  3.5955437180585694E-314
  3.5955437180585694E-314
  3.5955437180585694E-314
  3.5955437180585694E-314
  3.5955437180585694E-314
  3.5955437180585694E-314
  3.5955437180585694E-314
  3.5955437180585694E-314
  3.5955437180585694E-314
  3.5955437180585694E-314
  3.5955437180585694E-314
  3.5955437180585694E-314
  3.5955437180585694E-314
  3.5955437180585694E-314
  3.5955437180585694E-314
  3.5955437180585694E-314
  3.5955437180585694E-314
  3.5955437180585694E-314
  3.5955437180585694E-314
  3.5955437180585694E-314
  3.5955437180585694E-314
  3.5955437180585694E-314
  3.5955437180585694E-314
  3.5955437180585694E-314
  3.5955437180585694E-314
  3.5955437180585694E-314
  3.5955437180585694E-314
  3.5955437180585694E-314
  3.5955437180585694E-314
  3.5955437180585694E-314
  3.5955437180585694E-314
  3.5955437180585694E-314
  3.5955437180585694E-314
  3.5955437180585694E-314
  3.5955437180585694E-314
  3.5955437180585694E-314
  3.5955437180585694E-314
  3.5955437180585694E-314
  3.5955437180585694E-314
  3.5955437180585694E-314
  3.5955437180585694E-314
  3.5955437180585694E-314
  3.5955437180585694E-314
  3.5955437180585694E-314
  3.5955437180585694E-314
  3.5955437180585694E-314
  3.5955437180585694E-314
  3.5955437180585694E-314
  3.5955437180585694E-314
  3.5955437180585694E-314
  3.5955437180585694E-314
  3.5955437180585694E-314
  3.5955437180585694E-314
  3.5955437180585694E-314
  3.5955437180585694E-314
  3.5955437180585694E-314
  3.5955437180585694E-314
  3.5955437180585694E-314
  3.5955437180585694E-314
  3.5955437180585694E-314
  3.5955437180585694E-314
  3.5955437180585694E-314
  3.5955437180585694E-314
  3.5955437180585694E-314
  3.5955437180585694E-314
  3.5955437180585694E-314
  3.5955437180585694E-314
  3.5955437180585694E-314
  1.4973348996795720E+005
  1.4906387624397391E+005
  1.4873125796047904E+005
  1.4867507636180069E+005
  1.4879024691722865E+005
  1.4894590588765513E+005
  1.4900774361052897E+005
  1.4886244725604120E+005
  1.4843037629712129E+005
  1.4771094913247635E+005
  1.4679031176804603E+005
  1.4580139030074584E+005
  1.4487221940216064E+005
  1.4409373538905272E+005
  1.4351244698426360E+005
  1.4313696248211543E+005
  1.4294542132676160E+005
  1.4288805659515283E+005
  1.4289323486787418E+005
  1.4287785338541624E+005
  1.4276589677674542E+005
  1.4250355047301110E+005
  1.4207754265535457E+005
  1.4151613075865927E+005
  1.4087946728000423E+005
  1.4023939796668611E+005
  1.3965892791901421E+005
  1.3918064484241192E+005
  1.3882420096053267E+005
  1.3858803858358762E+005
  1.3845140198397273E+005
  1.3837731251514258E+005
  1.3831785230639612E+005
  1.3822135408954814E+005
  1.3804306766692729E+005
  1.3776476034622945E+005
  1.3739503874922072E+005
  1.3696306656009407E+005
  1.3650974321487281E+005
  1.3607663944077317E+005
  1.3569697096292247E+005
  1.3539089107565509E+005
  1.3516444327915937E+005
  1.3501030405936515E+005
  1.3490944567524712E+005
  1.3483405673183044E+005
  1.3475178089700459E+005
  1.3463096013588450E+005
