  3.5955437180585694E-314
  3.5955437180585694E-314
  3.5955437180585694E-314
  3.5955437180585694E-314
  3.5955437180585694E-314
  3.5955437180585694E-314
  3.5955437180585694E-314
  3.5955437180585694E-314
  3.5955437180585694E-314
  3.5955437180585694E-314
  3.5955437180585694E-314
  3.5955437180585694E-314
  3.5955437180585694E-314
  3.5955437180585694E-314
  3.5955437180585694E-314
  3.5955437180585694E-314
  3.5955437180585694E-314
  3.5955437180585694E-314
  3.5955437180585694E-314
  3.5955437180585694E-314
  3.5955437180585694E-314
  3.5955437180585694E-314
  3.5955437180585694E-314
  3.5955437180585694E-314
  3.5955437180585694E-314
  3.5955437180585694E-314
  3.5955437180585694E-314
  3.5955437180585694E-314
  3.5955437180585694E-314
  3.5955437180585694E-314
  3.5955437180585694E-314
  3.5955437180585694E-314
  3.5955437180585694E-314
  3.5955437180585694E-314
  3.5955437180585694E-314
  3.5955437180585694E-314
  3.5955437180585694E-314
  3.5955437180585694E-314
  3.5955437180585694E-314
  3.5955437180585694E-314
  3.5955437180585694E-314
  3.5955437180585694E-314
  3.5955437180585694E-314
  3.5955437180585694E-314
  3.5955437180585694E-314
  3.5955437180585694E-314
  3.5955437180585694E-314
  3.5955437180585694E-314
  3.5955437180585694E-314
  3.5955437180585694E-314
  3.5955437180585694E-314
  3.5955437180585694E-314
  3.5955437180585694E-314
  3.5955437180585694E-314
  3.5955437180585694E-314
  3.5955437180585694E-314
  3.5955437180585694E-314
  3.5955437180585694E-314
  3.5955437180585694E-314
  3.5955437180585694E-314
  3.5955437180585694E-314
  3.5955437180585694E-314
  3.5955437180585694E-314
  3.5955437180585694E-314
  3.5955437180585694E-314
  3.5955437180585694E-314
  3.5955437180585694E-314
  3.5955437180585694E-314
  3.5955437180585694E-314
  3.5955437180585694E-314
  3.5955437180585694E-314
  3.5955437180585694E-314
  3.5955437180585694E-314
  1.7696366986742935E+006
  1.7690586907138340E+006
  1.7685282871607682E+006
  1.7680154227897702E+006
  1.7674935887160914E+006
  1.7669369109884067E+006
  1.7663308456759963E+006
  1.7656741008004434E+006
  1.7649856961890727E+006
  1.7642927501995964E+006
  1.7636170584960312E+006
  1.7630442038948634E+006
  1.7625206564172499E+006
  1.7620219007642837E+006
  1.7615484604425386E+006
  1.7610936008449683E+006
  1.7606455127214112E+006
  1.7601907394512591E+006
  1.7597178015312394E+006
  1.7592203154274523E+006
  1.7586981917795273E+006
  1.7581581277989321E+006
  1.7576108162901809E+006
  1.7570718156700458E+006
  1.7565563473797792E+006
  1.7560731840143830E+006
  1.7556243461345308E+006
  1.7552387376408414E+006
  1.7548741592034700E+006
  1.7545061522612714E+006
  1.7541298526843595E+006
  1.7537399239106390E+006
  1.7533334560615630E+006
  1.7529113194449178E+006
  1.7524780888381335E+006
  1.7520399134597357E+006
  1.7516043850686580E+006
  1.7511794573019089E+006
  1.7507716321106828E+006
  1.7503848743550358E+006
  1.7500193816346934E+006
  1.7496715031755373E+006
  1.7493347753205658E+006
  1.7490015627542296E+006
  1.7486647574053458E+006
  1.7483191277135962E+006
  1.7479621566367154E+006
  1.7475942668739762E+006
