  3.5955437180585694E-314
  3.5955437180585694E-314
  3.5955437180585694E-314
  3.5955437180585694E-314
  3.5955437180585694E-314
  3.5955437180585694E-314
  3.5955437180585694E-314
  3.5955437180585694E-314
  3.5955437180585694E-314
  3.5955437180585694E-314
  3.5955437180585694E-314
  3.5955437180585694E-314
  3.5955437180585694E-314
  3.5955437180585694E-314
  3.5955437180585694E-314
  3.5955437180585694E-314
  3.5955437180585694E-314
  3.5955437180585694E-314
  3.5955437180585694E-314
  3.5955437180585694E-314
  3.5955437180585694E-314
  3.5955437180585694E-314
  3.5955437180585694E-314
  3.5955437180585694E-314
  3.5955437180585694E-314
  3.5955437180585694E-314
  3.5955437180585694E-314
  3.5955437180585694E-314
  3.5955437180585694E-314
  3.5955437180585694E-314
  3.5955437180585694E-314
  3.5955437180585694E-314
  3.5955437180585694E-314
  3.5955437180585694E-314
  3.5955437180585694E-314
  3.5955437180585694E-314
  3.5955437180585694E-314
  3.5955437180585694E-314
  3.5955437180585694E-314
  3.5955437180585694E-314
  3.5955437180585694E-314
  3.5955437180585694E-314
  3.5955437180585694E-314
  3.5955437180585694E-314
  3.5955437180585694E-314
  3.5955437180585694E-314
  3.5955437180585694E-314
  3.5955437180585694E-314
  3.5955437180585694E-314
  3.5955437180585694E-314
  3.5955437180585694E-314
  3.5955437180585694E-314
  3.5955437180585694E-314
  3.5955437180585694E-314
  3.5955437180585694E-314
  3.5955437180585694E-314
  3.5955437180585694E-314
  3.5955437180585694E-314
  3.5955437180585694E-314
  3.5955437180585694E-314
  3.5955437180585694E-314
  3.5955437180585694E-314
  3.5955437180585694E-314
  3.5955437180585694E-314
  3.5955437180585694E-314
  3.5955437180585694E-314
  3.5955437180585694E-314
  3.5955437180585694E-314
  3.5955437180585694E-314
  3.5955437180585694E-314
  3.5955437180585694E-314
  3.5955437180585694E-314
  3.5955437180585694E-314
  2.7237279235531758E+006
  2.7233887393966550E+006
  2.7230289030817836E+006
  2.7226395363204032E+006
  2.7222157874618196E+006
  2.7217597251975434E+006
  2.7212816192721152E+006
  2.7207975022305869E+006
  2.7203245410685996E+006
  2.7198756019290723E+006
  2.7194576773944697E+006
  2.7190700021134415E+006
  2.7187064285372123E+006
  2.7183593019584538E+006
  2.7180529861951484E+006
  2.7177483667068118E+006
  2.7174112410010942E+006
  2.7170436223922158E+006
  2.7166505351930447E+006
  2.7162413699358902E+006
  2.7158292044799440E+006
  2.7154278476721034E+006
  2.7150476433101431E+006
  2.7146939674335727E+006
  2.7143665308211674E+006
  2.7140608378519872E+006
  2.7137698791111480E+006
  2.7134856217527296E+006
  2.7132005369941341E+006
  2.7129085452682404E+006
  2.7126054570611920E+006
  2.7122894518955364E+006
  2.7119616323882779E+006
  2.7116261344983499E+006
  2.7112892544003990E+006
  2.7109576162908478E+006
  2.7106361373040625E+006
  2.7103266493115784E+006
  2.7100295761735500E+006
  2.7097447381966561E+006
  2.7094706166809769E+006
  2.7092311442577322E+006
  2.7089890528096692E+006
  2.7087349241409092E+006
  2.7084678324315259E+006
  2.7081891127725169E+006
  2.7079025051334235E+006
  2.7076135413588779E+006
