  3.5955437180585694E-314
  3.5955437180585694E-314
  3.5955437180585694E-314
  3.5955437180585694E-314
  3.5955437180585694E-314
  3.5955437180585694E-314
  3.5955437180585694E-314
  3.5955437180585694E-314
  3.5955437180585694E-314
  3.5955437180585694E-314
  3.5955437180585694E-314
  3.5955437180585694E-314
  3.5955437180585694E-314
  3.5955437180585694E-314
  3.5955437180585694E-314
  3.5955437180585694E-314
  3.5955437180585694E-314
  3.5955437180585694E-314
  3.5955437180585694E-314
  3.5955437180585694E-314
  3.5955437180585694E-314
  3.5955437180585694E-314
  3.5955437180585694E-314
  3.5955437180585694E-314
  3.5955437180585694E-314
  3.5955437180585694E-314
  3.5955437180585694E-314
  3.5955437180585694E-314
  3.5955437180585694E-314
  3.5955437180585694E-314
  3.5955437180585694E-314
  3.5955437180585694E-314
  3.5955437180585694E-314
  3.5955437180585694E-314
  3.5955437180585694E-314
  3.5955437180585694E-314
  3.5955437180585694E-314
  3.5955437180585694E-314
  3.5955437180585694E-314
  3.5955437180585694E-314
  3.5955437180585694E-314
  3.5955437180585694E-314
  3.5955437180585694E-314
  3.5955437180585694E-314
  3.5955437180585694E-314
  3.5955437180585694E-314
  3.5955437180585694E-314
  3.5955437180585694E-314
  3.5955437180585694E-314
  3.5955437180585694E-314
  3.5955437180585694E-314
  3.5955437180585694E-314
  3.5955437180585694E-314
  3.5955437180585694E-314
  3.5955437180585694E-314
  3.5955437180585694E-314
  3.5955437180585694E-314
  3.5955437180585694E-314
  3.5955437180585694E-314
  3.5955437180585694E-314
  3.5955437180585694E-314
  3.5955437180585694E-314
  3.5955437180585694E-314
  3.5955437180585694E-314
  3.5955437180585694E-314
  3.5955437180585694E-314
  3.5955437180585694E-314
  3.5955437180585694E-314
  3.5955437180585694E-314
  3.5955437180585694E-314
  3.5955437180585694E-314
  3.5955437180585694E-314
  3.5955437180585694E-314
  4.9947455535089521E+005
  4.9869040882016520E+005
  4.9817099497869180E+005
  4.9785157449277950E+005
  4.9763887052364292E+005
  4.9742904941696429E+005
  4.9711923911038344E+005
  4.9664472620635241E+005
  4.9597999881029391E+005
  4.9513840907501726E+005
  4.9417637747916533E+005
  4.9317785687225754E+005
  4.9222893727261561E+005
  4.9139722759089427E+005
  4.9072125945409929E+005
  4.9020793525240547E+005
  4.8983427487474662E+005
  4.8955387112031685E+005
  4.8930671951937187E+005
  4.8902672487543325E+005
  4.8865895679875347E+005
  4.8817275520160451E+005
  4.8757132810201694E+005
  4.8688659707505646E+005
  4.8616594098396314E+005
  4.8546071361151768E+005
  4.8481552356485178E+005
  4.8426036582440214E+005
  4.8380698776657489E+005
  4.8344871831166564E+005
  4.8316292756732361E+005
  4.8291570872323558E+005
  4.8266720928591961E+005
  4.8237848993224790E+005
  4.8201804286585160E+005
  4.8157547888807888E+005
  4.8106622231958067E+005
  4.8052078599161946E+005
  4.7997484112539375E+005
  4.7946101345213555E+005
  4.7903792538007774E+005
  4.7869331287826068E+005
  4.7838871361502371E+005
  4.7812223632080771E+005
  4.7788100645001908E+005
  4.7764721969962830E+005
  4.7740208662952168E+005
  4.7712913514730689E+005
