  3.5955437180585694E-314
  3.5955437180585694E-314
  3.5955437180585694E-314
  3.5955437180585694E-314
  3.5955437180585694E-314
  3.5955437180585694E-314
  3.5955437180585694E-314
  3.5955437180585694E-314
  3.5955437180585694E-314
  3.5955437180585694E-314
  3.5955437180585694E-314
  3.5955437180585694E-314
  3.5955437180585694E-314
  3.5955437180585694E-314
  3.5955437180585694E-314
  3.5955437180585694E-314
  3.5955437180585694E-314
  3.5955437180585694E-314
  3.5955437180585694E-314
  3.5955437180585694E-314
  3.5955437180585694E-314
  3.5955437180585694E-314
  3.5955437180585694E-314
  3.5955437180585694E-314
  3.5955437180585694E-314
  3.5955437180585694E-314
  3.5955437180585694E-314
  3.5955437180585694E-314
  3.5955437180585694E-314
  3.5955437180585694E-314
  3.5955437180585694E-314
  3.5955437180585694E-314
  3.5955437180585694E-314
  3.5955437180585694E-314
  3.5955437180585694E-314
  3.5955437180585694E-314
  3.5955437180585694E-314
  3.5955437180585694E-314
  3.5955437180585694E-314
  3.5955437180585694E-314
  3.5955437180585694E-314
  3.5955437180585694E-314
  3.5955437180585694E-314
  3.5955437180585694E-314
  3.5955437180585694E-314
  3.5955437180585694E-314
  3.5955437180585694E-314
  3.5955437180585694E-314
  3.5955437180585694E-314
  3.5955437180585694E-314
  3.5955437180585694E-314
  3.5955437180585694E-314
  3.5955437180585694E-314
  3.5955437180585694E-314
  3.5955437180585694E-314
  3.5955437180585694E-314
  3.5955437180585694E-314
  3.5955437180585694E-314
  3.5955437180585694E-314
  3.5955437180585694E-314
  3.5955437180585694E-314
  3.5955437180585694E-314
  3.5955437180585694E-314
  3.5955437180585694E-314
  3.5955437180585694E-314
  3.5955437180585694E-314
  3.5955437180585694E-314
  3.5955437180585694E-314
  3.5955437180585694E-314
  3.5955437180585694E-314
  3.5955437180585694E-314
  3.5955437180585694E-314
  3.5955437180585694E-314
  1.0464809694565589E+007
  1.0464809694565589E+007
  1.0464809694565589E+007
  1.0464809694565589E+007
  1.0464809694565589E+007
  1.0464809694565589E+007
  1.0464809694565589E+007
  1.0464809694565589E+007
  1.0464809694565589E+007
  1.0464809694565589E+007
  1.0464809694565589E+007
  1.0464809694565589E+007
  1.0464809694565589E+007
  1.0464809694565589E+007
  1.0464809694565589E+007
  1.0464809694565589E+007
  1.0464809694565589E+007
  1.0464809694565589E+007
  1.0464809694565589E+007
  1.0464809694565589E+007
  1.0464809694565589E+007
  1.0464809694565589E+007
  1.0464809694565589E+007
  1.0464809694565589E+007
  1.0464809694565589E+007
  1.0464809694565589E+007
  1.0464809694565589E+007
  1.0464809694565589E+007
  1.0464809694565589E+007
  1.0464809694565589E+007
  1.0464809694565589E+007
  1.0464809694565589E+007
  1.0464809694565589E+007
  1.0464809694565589E+007
  1.0464809694565589E+007
  1.0464809694565589E+007
  1.0464809694565589E+007
  1.0464809694565589E+007
  1.0464809694565589E+007
  1.0464809694565589E+007
  1.0464809694565589E+007
  1.0464809694565589E+007
  1.0464809694565589E+007
  1.0464809694565589E+007
  1.0464809694565589E+007
  1.0464809694565589E+007
  1.0464809694565589E+007
  1.0464809694565589E+007
