  3.5955437180585694E-314
  3.5955437180585694E-314
  3.5955437180585694E-314
  3.5955437180585694E-314
  3.5955437180585694E-314
  3.5955437180585694E-314
  3.5955437180585694E-314
  3.5955437180585694E-314
  3.5955437180585694E-314
  3.5955437180585694E-314
  3.5955437180585694E-314
  3.5955437180585694E-314
  3.5955437180585694E-314
  3.5955437180585694E-314
  3.5955437180585694E-314
  3.5955437180585694E-314
  3.5955437180585694E-314
  3.5955437180585694E-314
  3.5955437180585694E-314
  3.5955437180585694E-314
  3.5955437180585694E-314
  3.5955437180585694E-314
  3.5955437180585694E-314
  3.5955437180585694E-314
  3.5955437180585694E-314
  3.5955437180585694E-314
  3.5955437180585694E-314
  3.5955437180585694E-314
  3.5955437180585694E-314
  3.5955437180585694E-314
  3.5955437180585694E-314
  3.5955437180585694E-314
  3.5955437180585694E-314
  3.5955437180585694E-314
  3.5955437180585694E-314
  3.5955437180585694E-314
  3.5955437180585694E-314
  3.5955437180585694E-314
  3.5955437180585694E-314
  3.5955437180585694E-314
  3.5955437180585694E-314
  3.5955437180585694E-314
  3.5955437180585694E-314
  3.5955437180585694E-314
  3.5955437180585694E-314
  3.5955437180585694E-314
  3.5955437180585694E-314
  3.5955437180585694E-314
  3.5955437180585694E-314
  3.5955437180585694E-314
  3.5955437180585694E-314
  3.5955437180585694E-314
  3.5955437180585694E-314
  3.5955437180585694E-314
  3.5955437180585694E-314
  3.5955437180585694E-314
  3.5955437180585694E-314
  3.5955437180585694E-314
  3.5955437180585694E-314
  3.5955437180585694E-314
  3.5955437180585694E-314
  3.5955437180585694E-314
  3.5955437180585694E-314
  3.5955437180585694E-314
  3.5955437180585694E-314
  3.5955437180585694E-314
  3.5955437180585694E-314
  3.5955437180585694E-314
  3.5955437180585694E-314
  3.5955437180585694E-314
  3.5955437180585694E-314
  3.5955437180585694E-314
  3.5955437180585694E-314
  1.0202796987373324E+005
  1.0141007961102789E+005
  1.0111323705562703E+005
  1.0108686599371734E+005
  1.0123405827869861E+005
  1.0144098149664239E+005
  1.0158267703160534E+005
  1.0153408675044910E+005
  1.0120595527911372E+005
  1.0058994824341692E+005
  9.9765984371018814E+004
  9.8862420261544030E+004
  9.8004435870780566E+004
  9.7281906634345418E+004
  9.6741987264311174E+004
  9.6395566437322428E+004
  9.6225536821005866E+004
  9.6188071326816425E+004
  9.6217649889570894E+004
  9.6234601415228550E+004
  9.6169770498483573E+004
  9.5973067044052397E+004
  9.5623553110218825E+004
  9.5140763612070150E+004
  9.4578835091859728E+004
  9.4006223397738402E+004
  9.3484308160598259E+004
  9.3055052804234641E+004
  9.2738341602417247E+004
  9.2534150180373297E+004
  9.2424683548647125E+004
  9.2376719839088910E+004
  9.2345896667601599E+004
  9.2284869767044627E+004
  9.2151381542807067E+004
  9.1925508597355714E+004
  9.1613972358885207E+004
  9.1242356965540894E+004
  9.0847473210818673E+004
  9.0467737066411690E+004
  9.0134541901708828E+004
  8.9867539323746591E+004
  8.9673531935463077E+004
  8.9547063003603427E+004
  8.9471664145573654E+004
  8.9422237230957617E+004
  8.9369058177668761E+004
  8.9282159241225716E+004
