  3.5955437180585694E-314
  3.5955437180585694E-314
  3.5955437180585694E-314
  3.5955437180585694E-314
  3.5955437180585694E-314
  3.5955437180585694E-314
  3.5955437180585694E-314
  3.5955437180585694E-314
  3.5955437180585694E-314
  3.5955437180585694E-314
  3.5955437180585694E-314
  3.5955437180585694E-314
  3.5955437180585694E-314
  3.5955437180585694E-314
  3.5955437180585694E-314
  3.5955437180585694E-314
  3.5955437180585694E-314
  3.5955437180585694E-314
  3.5955437180585694E-314
  3.5955437180585694E-314
  3.5955437180585694E-314
  3.5955437180585694E-314
  3.5955437180585694E-314
  3.5955437180585694E-314
  3.5955437180585694E-314
  3.5955437180585694E-314
  3.5955437180585694E-314
  3.5955437180585694E-314
  3.5955437180585694E-314
  3.5955437180585694E-314
  3.5955437180585694E-314
  3.5955437180585694E-314
  3.5955437180585694E-314
  3.5955437180585694E-314
  3.5955437180585694E-314
  3.5955437180585694E-314
  3.5955437180585694E-314
  3.5955437180585694E-314
  3.5955437180585694E-314
  3.5955437180585694E-314
  3.5955437180585694E-314
  3.5955437180585694E-314
  3.5955437180585694E-314
  3.5955437180585694E-314
  3.5955437180585694E-314
  3.5955437180585694E-314
  3.5955437180585694E-314
  3.5955437180585694E-314
  3.5955437180585694E-314
  3.5955437180585694E-314
  3.5955437180585694E-314
  3.5955437180585694E-314
  3.5955437180585694E-314
  3.5955437180585694E-314
  3.5955437180585694E-314
  3.5955437180585694E-314
  3.5955437180585694E-314
  3.5955437180585694E-314
  3.5955437180585694E-314
  3.5955437180585694E-314
  3.5955437180585694E-314
  3.5955437180585694E-314
  3.5955437180585694E-314
  3.5955437180585694E-314
  3.5955437180585694E-314
  3.5955437180585694E-314
  3.5955437180585694E-314
  3.5955437180585694E-314
  3.5955437180585694E-314
  3.5955437180585694E-314
  3.5955437180585694E-314
  3.5955437180585694E-314
  3.5955437180585694E-314
  1.1549733914189623E+006
  1.1542700782991308E+006
  1.1537182225908514E+006
  1.1532099028038296E+006
  1.1527677431427990E+006
  1.1522908370568233E+006
  1.1517263513912652E+006
  1.1510478418705161E+006
  1.1502666300839595E+006
  1.1494134720555828E+006
  1.1485297701274932E+006
  1.1477769818520690E+006
  1.1470771008645317E+006
  1.1464228676889550E+006
  1.1458305582210755E+006
  1.1452996524073675E+006
  1.1448154925705297E+006
  1.1443543425552587E+006
  1.1438894422249517E+006
  1.1433962026747186E+006
  1.1428580980877082E+006
  1.1422705767787367E+006
  1.1416449014217956E+006
  1.1410058414986301E+006
  1.1403782225993685E+006
  1.1397814597236048E+006
  1.1392290856813411E+006
  1.1387280702333355E+006
  1.1382773915846187E+006
  1.1378676655977680E+006
  1.1374830246320670E+006
  1.1371044460839527E+006
  1.1367132514554684E+006
  1.1362945724571310E+006
  1.1358395906559627E+006
  1.1353486331043891E+006
  1.1348336576451494E+006
  1.1343133512003536E+006
  1.1338079093508648E+006
  1.1333958822664099E+006
  1.1330030566142867E+006
  1.1326350815207891E+006
  1.1322888368889138E+006
  1.1319568677514703E+006
  1.1316297451531314E+006
  1.1312980563482582E+006
  1.1309542040793705E+006
  1.1305936419712633E+006
