  3.5955437180585694E-314
  3.5955437180585694E-314
  3.5955437180585694E-314
  3.5955437180585694E-314
  3.5955437180585694E-314
  3.5955437180585694E-314
  3.5955437180585694E-314
  3.5955437180585694E-314
  3.5955437180585694E-314
  3.5955437180585694E-314
  3.5955437180585694E-314
  3.5955437180585694E-314
  3.5955437180585694E-314
  3.5955437180585694E-314
  3.5955437180585694E-314
  3.5955437180585694E-314
  3.5955437180585694E-314
  3.5955437180585694E-314
  3.5955437180585694E-314
  3.5955437180585694E-314
  3.5955437180585694E-314
  3.5955437180585694E-314
  3.5955437180585694E-314
  3.5955437180585694E-314
  3.5955437180585694E-314
  3.5955437180585694E-314
  3.5955437180585694E-314
  3.5955437180585694E-314
  3.5955437180585694E-314
  3.5955437180585694E-314
  3.5955437180585694E-314
  3.5955437180585694E-314
  3.5955437180585694E-314
  3.5955437180585694E-314
  3.5955437180585694E-314
  3.5955437180585694E-314
  3.5955437180585694E-314
  3.5955437180585694E-314
  3.5955437180585694E-314
  3.5955437180585694E-314
  3.5955437180585694E-314
  3.5955437180585694E-314
  3.5955437180585694E-314
  3.5955437180585694E-314
  3.5955437180585694E-314
  3.5955437180585694E-314
  3.5955437180585694E-314
  3.5955437180585694E-314
  3.5955437180585694E-314
  3.5955437180585694E-314
  3.5955437180585694E-314
  3.5955437180585694E-314
  3.5955437180585694E-314
  3.5955437180585694E-314
  3.5955437180585694E-314
  3.5955437180585694E-314
  3.5955437180585694E-314
  3.5955437180585694E-314
  3.5955437180585694E-314
  3.5955437180585694E-314
  3.5955437180585694E-314
  3.5955437180585694E-314
  3.5955437180585694E-314
  3.5955437180585694E-314
  3.5955437180585694E-314
  3.5955437180585694E-314
  3.5955437180585694E-314
  3.5955437180585694E-314
  3.5955437180585694E-314
  3.5955437180585694E-314
  3.5955437180585694E-314
  3.5955437180585694E-314
  3.5955437180585694E-314
  2.2142285225379703E+005
  2.2071357914988921E+005
  2.2034981458401759E+005
  2.2026092579082347E+005
  2.2033592209565171E+005
  2.2043471046286603E+005
  2.2042325622552217E+005
  2.2018576550530395E+005
  2.1965160960462069E+005
  2.1883265131628752E+005
  2.1782327272877621E+005
  2.1675984165601362E+005
  2.1577061707542735E+005
  2.1494506042841627E+005
  2.1432741143122822E+005
  2.1392322147383599E+005
  2.1370602960541606E+005
  2.1362136928591947E+005
  2.1359334039859203E+005
  2.1353586298053834E+005
  2.1336474349486930E+005
  2.1303021852381286E+005
  2.1252907364750237E+005
  2.1189702779152861E+005
  2.1119846635507594E+005
  2.1050695999424910E+005
  2.0988574504894833E+005
  2.0937674251223772E+005
  2.0899804073456104E+005
  2.0874536099580381E+005
  2.0859432104382760E+005
  2.0850411104288587E+005
  2.0842353623570764E+005
  2.0829776664796702E+005
  2.0808247219344822E+005
  2.0775890453128889E+005
  2.0733673307770776E+005
  2.0685001475399444E+005
  2.0639998126598800E+005
  2.0598687716627348E+005
  2.0561027926066768E+005
  2.0528992911401711E+005
  2.0503194080168492E+005
  2.0483077982647024E+005
  2.0467098592612610E+005
  2.0453025355370823E+005
  2.0438321189341214E+005
  2.0420613638950110E+005
