  3.5955437180585694E-314
  3.5955437180585694E-314
  3.5955437180585694E-314
  3.5955437180585694E-314
  3.5955437180585694E-314
  3.5955437180585694E-314
  3.5955437180585694E-314
  3.5955437180585694E-314
  3.5955437180585694E-314
  3.5955437180585694E-314
  3.5955437180585694E-314
  3.5955437180585694E-314
  3.5955437180585694E-314
  3.5955437180585694E-314
  3.5955437180585694E-314
  3.5955437180585694E-314
  3.5955437180585694E-314
  3.5955437180585694E-314
  3.5955437180585694E-314
  3.5955437180585694E-314
  3.5955437180585694E-314
  3.5955437180585694E-314
  3.5955437180585694E-314
  3.5955437180585694E-314
  3.5955437180585694E-314
  3.5955437180585694E-314
  3.5955437180585694E-314
  3.5955437180585694E-314
  3.5955437180585694E-314
  3.5955437180585694E-314
  3.5955437180585694E-314
  3.5955437180585694E-314
  3.5955437180585694E-314
  3.5955437180585694E-314
  3.5955437180585694E-314
  3.5955437180585694E-314
  3.5955437180585694E-314
  3.5955437180585694E-314
  3.5955437180585694E-314
  3.5955437180585694E-314
  3.5955437180585694E-314
  3.5955437180585694E-314
  3.5955437180585694E-314
  3.5955437180585694E-314
  3.5955437180585694E-314
  3.5955437180585694E-314
  3.5955437180585694E-314
  3.5955437180585694E-314
  3.5955437180585694E-314
  3.5955437180585694E-314
  3.5955437180585694E-314
  3.5955437180585694E-314
  3.5955437180585694E-314
  3.5955437180585694E-314
  3.5955437180585694E-314
  3.5955437180585694E-314
  3.5955437180585694E-314
  3.5955437180585694E-314
  3.5955437180585694E-314
  3.5955437180585694E-314
  3.5955437180585694E-314
  3.5955437180585694E-314
  3.5955437180585694E-314
  3.5955437180585694E-314
  3.5955437180585694E-314
  3.5955437180585694E-314
  3.5955437180585694E-314
  3.5955437180585694E-314
  3.5955437180585694E-314
  3.5955437180585694E-314
  3.5955437180585694E-314
  3.5955437180585694E-314
  3.5955437180585694E-314
  7.5710332431616366E+005
  7.5634758746869897E+005
  7.5583421038261743E+005
  7.5546419767952780E+005
  7.5518482807391929E+005
  7.5488321125004569E+005
  7.5446920443296293E+005
  7.5388654058601451E+005
  7.5312083013971697E+005
  7.5220241941975907E+005
  7.5119638968361064E+005
  7.5027503919610241E+005
  7.4948410012298671E+005
  7.4875876923690760E+005
  7.4813569164621423E+005
  7.4761941885754117E+005
  7.4719094401498546E+005
  7.4681536662240908E+005
  7.4645029773309908E+005
  7.4605353342532762E+005
  7.4558971170604671E+005
  7.4504431433518953E+005
  7.4443095297462901E+005
  7.4377661485167104E+005
  7.4311282267697807E+005
  7.4247055065296462E+005
  7.4187574489055714E+005
  7.4134556894248060E+005
  7.4088582856809068E+005
  7.4048990788426576E+005
  7.4014015538513684E+005
  7.3981153878507926E+005
  7.3947625812040793E+005
  7.3910831001289131E+005
  7.3868962386709463E+005
  7.3821517916924064E+005
  7.3769531152586418E+005
  7.3715474980879459E+005
  7.3662149485470611E+005
  7.3611879667067982E+005
  7.3566204262808955E+005
  7.3525767180830566E+005
  7.3490310410693625E+005
  7.3458780721328559E+005
  7.3429554942400812E+005
  7.3400732025184692E+005
  7.3370440622063936E+005
  7.3337173541996535E+005
