  3.5955437180585694E-314
  3.5955437180585694E-314
  3.5955437180585694E-314
  3.5955437180585694E-314
  3.5955437180585694E-314
  3.5955437180585694E-314
  3.5955437180585694E-314
  3.5955437180585694E-314
  3.5955437180585694E-314
  3.5955437180585694E-314
  3.5955437180585694E-314
  3.5955437180585694E-314
  3.5955437180585694E-314
  3.5955437180585694E-314
  3.5955437180585694E-314
  3.5955437180585694E-314
  3.5955437180585694E-314
  3.5955437180585694E-314
  3.5955437180585694E-314
  3.5955437180585694E-314
  3.5955437180585694E-314
  3.5955437180585694E-314
  3.5955437180585694E-314
  3.5955437180585694E-314
  3.5955437180585694E-314
  3.5955437180585694E-314
  3.5955437180585694E-314
  3.5955437180585694E-314
  3.5955437180585694E-314
  3.5955437180585694E-314
  3.5955437180585694E-314
  3.5955437180585694E-314
  3.5955437180585694E-314
  3.5955437180585694E-314
  3.5955437180585694E-314
  3.5955437180585694E-314
  3.5955437180585694E-314
  3.5955437180585694E-314
  3.5955437180585694E-314
  3.5955437180585694E-314
  3.5955437180585694E-314
  3.5955437180585694E-314
  3.5955437180585694E-314
  3.5955437180585694E-314
  3.5955437180585694E-314
  3.5955437180585694E-314
  3.5955437180585694E-314
  3.5955437180585694E-314
  3.5955437180585694E-314
  3.5955437180585694E-314
  3.5955437180585694E-314
  3.5955437180585694E-314
  3.5955437180585694E-314
  3.5955437180585694E-314
  3.5955437180585694E-314
  3.5955437180585694E-314
  3.5955437180585694E-314
  3.5955437180585694E-314
  3.5955437180585694E-314
  3.5955437180585694E-314
  3.5955437180585694E-314
  3.5955437180585694E-314
  3.5955437180585694E-314
  3.5955437180585694E-314
  3.5955437180585694E-314
  3.5955437180585694E-314
  3.5955437180585694E-314
  3.5955437180585694E-314
  3.5955437180585694E-314
  3.5955437180585694E-314
  3.5955437180585694E-314
  3.5955437180585694E-314
  3.5955437180585694E-314
  8.3990346629585251E+006
  8.3990346629585251E+006
  8.3990346629585251E+006
  8.3990346629585251E+006
  8.3990346629585251E+006
  8.3990346629585251E+006
  8.3990346629585251E+006
  8.3990346629585251E+006
  8.3990346629585251E+006
  8.3990346629585251E+006
  8.3990346629585251E+006
  8.3990346629585251E+006
  8.3990346629585251E+006
  8.3990346629585251E+006
  8.3990346629585251E+006
  8.3990346629585251E+006
  8.3990346629585251E+006
  8.3990346629585251E+006
  8.3990346629585251E+006
  8.3990346629585251E+006
  8.3990346629585251E+006
  8.3990346629585251E+006
  8.3990346629585251E+006
  8.3990346629585251E+006
  8.3990346629585251E+006
  8.3990346629585251E+006
  8.3990346629585251E+006
  8.3990346629585251E+006
  8.3990346629585251E+006
  8.3990346629585251E+006
  8.3990346629585251E+006
  8.3990346629585251E+006
  8.3990346629585251E+006
  8.3990346629585251E+006
  8.3990346629585251E+006
  8.3990346629585251E+006
  8.3990346629585251E+006
  8.3990346629585251E+006
  8.3990346629585251E+006
  8.3990346629585251E+006
  8.3990346629585251E+006
  8.3990346629585251E+006
  8.3990346629585251E+006
  8.3990346629585251E+006
  8.3990346629585251E+006
  8.3990346629585251E+006
  8.3990346629585251E+006
  8.3990346629585251E+006
