  3.5955437180585694E-314
  3.5955437180585694E-314
  3.5955437180585694E-314
  3.5955437180585694E-314
  3.5955437180585694E-314
  3.5955437180585694E-314
  3.5955437180585694E-314
  3.5955437180585694E-314
  3.5955437180585694E-314
  3.5955437180585694E-314
  3.5955437180585694E-314
  3.5955437180585694E-314
  3.5955437180585694E-314
  3.5955437180585694E-314
  3.5955437180585694E-314
  3.5955437180585694E-314
  3.5955437180585694E-314
  3.5955437180585694E-314
  3.5955437180585694E-314
  3.5955437180585694E-314
  3.5955437180585694E-314
  3.5955437180585694E-314
  3.5955437180585694E-314
  3.5955437180585694E-314
  3.5955437180585694E-314
  3.5955437180585694E-314
  3.5955437180585694E-314
  3.5955437180585694E-314
  3.5955437180585694E-314
  3.5955437180585694E-314
  3.5955437180585694E-314
  3.5955437180585694E-314
  3.5955437180585694E-314
  3.5955437180585694E-314
  3.5955437180585694E-314
  3.5955437180585694E-314
  3.5955437180585694E-314
  3.5955437180585694E-314
  3.5955437180585694E-314
  3.5955437180585694E-314
  3.5955437180585694E-314
  3.5955437180585694E-314
  3.5955437180585694E-314
  3.5955437180585694E-314
  3.5955437180585694E-314
  3.5955437180585694E-314
  3.5955437180585694E-314
  3.5955437180585694E-314
  3.5955437180585694E-314
  3.5955437180585694E-314
  3.5955437180585694E-314
  3.5955437180585694E-314
  3.5955437180585694E-314
  3.5955437180585694E-314
  3.5955437180585694E-314
  3.5955437180585694E-314
  3.5955437180585694E-314
  3.5955437180585694E-314
  3.5955437180585694E-314
  3.5955437180585694E-314
  3.5955437180585694E-314
  3.5955437180585694E-314
  3.5955437180585694E-314
  3.5955437180585694E-314
  3.5955437180585694E-314
  3.5955437180585694E-314
  3.5955437180585694E-314
  3.5955437180585694E-314
  3.5955437180585694E-314
  3.5955437180585694E-314
  3.5955437180585694E-314
  3.5955437180585694E-314
  3.5955437180585694E-314
  4.2067167707417849E+006
  4.2066791935323402E+006
  4.2066374046527976E+006
  4.2065797825362878E+006
  4.2065051519434750E+006
  4.2064157159052510E+006
  4.2063161483028522E+006
  4.2062128957435265E+006
  4.2061129839107888E+006
  4.2060223738157917E+006
  4.2059443952168319E+006
  4.2058788210811857E+006
  4.2058220779354712E+006
  4.2057685528594879E+006
  4.2057122417949587E+006
  4.2056482490666546E+006
  4.2055735839307979E+006
  4.2054873169959253E+006
  4.2053904579432122E+006
  4.2052856870702412E+006
  4.2051769126923941E+006
  4.2050686073839404E+006
  4.2049649422704056E+006
  4.2048688808683436E+006
  4.2047814760803105E+006
  4.2047016399782188E+006
  4.2046265293768505E+006
  4.2045522700671041E+006
  4.2044749724441692E+006
  4.2043916487103393E+006
  4.2043006874821950E+006
  4.2042019626642121E+006
  4.2040966807827828E+006
  4.2039870549213747E+006
  4.2038758804710973E+006
  4.2037660420749281E+006
  4.2036599860329637E+006
  4.2035592443320360E+006
  4.2034641452703299E+006
  4.2033738115233304E+006
  4.2032863923006430E+006
  4.2031995891366713E+006
  4.2031112869542055E+006
  4.2030199474839317E+006
  4.2029247771197893E+006
  4.2028257672595968E+006
  4.2027236484819921E+006
  4.2026200344456481E+006
