  0.0000000000000000E+000
  4.1666666666666664E-002
  8.3333333333333329E-002
  1.2500000000000000E-001
  1.6666666666666666E-001
  2.0833333333333334E-001
  2.5000000000000000E-001
  2.9166666666666669E-001
  3.3333333333333331E-001
  3.7500000000000000E-001
  4.1666666666666669E-001
  4.5833333333333331E-001
  5.0000000000000000E-001
  5.4166666666666663E-001
  5.8333333333333337E-001
  6.2500000000000000E-001
  6.6666666666666663E-001
  7.0833333333333337E-001
  7.5000000000000000E-001
  7.9166666666666663E-001
  8.3333333333333337E-001
  8.7500000000000000E-001
  9.1666666666666663E-001
  9.5833333333333337E-001
  1.0000000000000000E+000
  1.0416666666666667E+000
  1.0833333333333333E+000
  1.1250000000000000E+000
  1.1666666666666667E+000
  1.2083333333333333E+000
  1.2500000000000000E+000
  1.2916666666666667E+000
  1.3333333333333333E+000
  1.3750000000000000E+000
  1.4166666666666667E+000
  1.4583333333333333E+000
  1.5000000000000000E+000
  1.5416666666666667E+000
  1.5833333333333333E+000
  1.6250000000000000E+000
  1.6666666666666667E+000
  1.7083333333333333E+000
  1.7500000000000000E+000
  1.7916666666666667E+000
  1.8333333333333333E+000
  1.8750000000000000E+000
  1.9166666666666667E+000
  1.9583333333333333E+000
  2.0000000000000000E+000
  2.0416666666666665E+000
  2.0833333333333335E+000
  2.1250000000000000E+000
  2.1666666666666665E+000
  2.2083333333333335E+000
  2.2500000000000000E+000
  2.2916666666666665E+000
  2.3333333333333335E+000
  2.3750000000000000E+000
  2.4166666666666665E+000
  2.4583333333333335E+000
  2.5000000000000000E+000
  2.5416666666666665E+000
  2.5833333333333335E+000
  2.6250000000000000E+000
  2.6666666666666665E+000
  2.7083333333333335E+000
  2.7500000000000000E+000
  2.7916666666666665E+000
  2.8333333333333335E+000
  2.8750000000000000E+000
  2.9166666666666665E+000
  2.9583333333333335E+000
  3.0000000000000000E+000
  3.0416666666666665E+000
  3.0833333333333335E+000
  3.1250000000000000E+000
  3.1666666666666665E+000
  3.2083333333333335E+000
  3.2500000000000000E+000
  3.2916666666666665E+000
  3.3333333333333335E+000
  3.3750000000000000E+000
  3.4166666666666665E+000
  3.4583333333333335E+000
  3.5000000000000000E+000
  3.5416666666666665E+000
  3.5833333333333335E+000
  3.6250000000000000E+000
  3.6666666666666665E+000
  3.7083333333333335E+000
  3.7500000000000000E+000
  3.7916666666666665E+000
  3.8333333333333335E+000
  3.8750000000000000E+000
  3.9166666666666665E+000
  3.9583333333333335E+000
  4.0000000000000000E+000
  4.0416666666666670E+000
  4.0833333333333330E+000
  4.1250000000000000E+000
  4.1666666666666670E+000
  4.2083333333333330E+000
  4.2500000000000000E+000
  4.2916666666666670E+000
  4.3333333333333330E+000
  4.3750000000000000E+000
  4.4166666666666670E+000
  4.4583333333333330E+000
  4.5000000000000000E+000
  4.5416666666666670E+000
  4.5833333333333330E+000
  4.6250000000000000E+000
  4.6666666666666670E+000
  4.7083333333333330E+000
  4.7500000000000000E+000
  4.7916666666666670E+000
  4.8333333333333330E+000
  4.8750000000000000E+000
  4.9166666666666670E+000
  4.9583333333333330E+000
  5.0000000000000000E+000
