   0.0000000000000000     
   0.0000000000000000     
   0.0000000000000000     
   1.0271139323946466E-010
   6.7781161566885292E-003
   7.2305965654710341E-002
  0.17281207359404721     
  0.26421828841831396     
  0.33407906953103589     
  0.38307200079829551     
  0.41476080173438584     
  0.43239577605283824     
  0.43805889081593408     
  0.43245900349646738     
  0.41489506215908162     
  0.38329242735504859     
  0.33440595658441191     
  0.26466841568714350     
  0.17336773026581989     
   7.2825793593194341E-002
   6.9398882285884641E-003
   1.5410712001178401E-010
   0.0000000000000000     
   0.0000000000000000     
   0.0000000000000000     
   0.0000000000000000     
   0.0000000000000000     
   1.2038165367522145E-011
   6.1954885244388585E-003
   7.0657788133114519E-002
  0.17119385909806201     
  0.26293668923803648     
  0.33309887328233351     
  0.38230370382307366     
  0.41412630100231362     
  0.43183419240654791     
  0.43752047024907281     
  0.43189767914729582     
  0.41426112097055257     
  0.38252507200696495     
  0.33342718518795272     
  0.26338870569328177     
  0.17175110201694485     
   7.1175448194886512E-002
   6.3489571294282092E-003
   1.9543402497921823E-011
   0.0000000000000000     
   0.0000000000000000     
   0.0000000000000000     
   0.0000000000000000     
   0.0000000000000000     
   7.8522177485921337E-013
   5.6169669593277780E-003
   6.8934561846709014E-002
  0.16948886316890760     
  0.26158393434667049     
  0.33206364837320301     
  0.38149202235566987     
  0.41345581739650417     
  0.43124066727958371     
  0.43695139273855405     
  0.43130442769533783     
  0.41359122790507968     
  0.38171438416723397     
  0.33239346290715249     
  0.26203793805975045     
  0.17004774672373044     
   6.9449804915410321E-002
   5.7617540537578038E-003
   1.4233950466332735E-012
   0.0000000000000000     
   0.0000000000000000     
   0.0000000000000000     
   0.0000000000000000     
   0.0000000000000000     
   2.1919437296330011E-014
   5.0473912999655923E-003
   6.7138538870633979E-002
  0.16769695495929896     
  0.26015948038982617     
  0.33097287257583602     
  0.38063650542494848     
  0.41274895417691654     
  0.43061483493400998     
  0.43635130253239951     
  0.43067888351412176     
  0.41288498645755689     
  0.38085991322928503     
  0.33130426789661083     
  0.26061556901218880     
  0.16825752808874211     
   6.7651092538152921E-002
   5.1831505875422363E-003
   4.6686661785819855E-014
   0.0000000000000000     
   0.0000000000000000     
   0.0000000000000000     
   0.0000000000000000     
   0.0000000000000000     
   1.6715692911033692E-016
   4.4916135473766676E-003
   6.5272202832191983E-002
  0.16581802917912983     
  0.25866276413902123     
  0.32982599950147640     
  0.37973668024691215     
  0.41200529518686407     
  0.42995631166962545     
  0.43571982639219664     
  0.43002066302020547     
  0.41214198071708813     
  0.37996118678881702     
  0.33015905415642688     
  0.25912103482335075     
  0.16638033483451253     
   6.5781769649986832E-002
   4.6180385396191095E-003
   4.5712191124182767E-016
   0.0000000000000000     
   0.0000000000000000     
   0.0000000000000000     
