   1.1895882507108884     
   1.1961951066893510     
   1.2033270238347389     
   1.2109798437134562     
   1.2191465313185850     
   1.2278200291708929     
   1.2369963491548748     
   1.2466773346735056     
   1.2568723452066208     
   1.2675980752611564     
   1.2788759100906273     
   1.2907266769472479     
   1.3031633041659343     
   1.3161825656208903     
   1.3297575190937485     
   1.3438322508463636     
   1.3583200829203630     
   1.3731056395557264     
   1.3880503693077755     
   1.4030005239435921     
   1.4177963290086188     
   1.4322811316567503     
   1.4463095768833543     
   1.4597542187704127     
   1.4725103182373103     
