   200.00009899999998     
   220.40631895244240     
   361.91854322879823     
   737.55997296399539     
   1444.3982908577514     
   2556.9306590105093     
   4122.0068604386715     
   6155.6365637849922     
   8641.8982908577455     
   11534.024439058056     
   14757.588416209876     
   18215.576689821013     
   21795.000098999986     
   25374.593879047548     
   28833.081654771202     
   32057.440225036018     
   34950.601907142263     
   37438.069538989497     
   39472.993337561355     
   41039.363634214991     
   42153.101907142263     
   42860.975758941953     
   43237.411781790142     
   43379.423508179025     
   43400.000099000034     
