  0.84970589336492031     
  0.85442507620667929     
  0.85951930273909960     
  0.86498560265246927     
  0.87081895094184658     
  0.87701430655063806     
  0.88356882082491073     
  0.89048381048107517     
  0.89776596086187177     
  0.90542719661511228     
  0.91348279292187640     
  0.92194762639089112     
  0.93083093154709606     
  0.94013040401492209     
  0.94982679935267789     
  0.95988017917597412     
  0.97022863065740261     
  0.98078974253980500     
  0.99146454950555418     
   1.0021432313882797     
   1.0127116635775846     
   1.0230579511833928     
   1.0330782692023959     
   1.0426815848360094     
   1.0517930844552212     
