   0.0000000000000000     
   4.1666666666666664E-002
   8.3333333333333329E-002
  0.12500000000000000     
  0.16666666666666666     
  0.20833333333333334     
  0.25000000000000000     
  0.29166666666666669     
  0.33333333333333331     
  0.37500000000000000     
  0.41666666666666669     
  0.45833333333333331     
  0.50000000000000000     
  0.54166666666666663     
  0.58333333333333337     
  0.62500000000000000     
  0.66666666666666663     
  0.70833333333333337     
  0.75000000000000000     
  0.79166666666666663     
  0.83333333333333337     
  0.87500000000000000     
  0.91666666666666663     
  0.95833333333333337     
   1.0000000000000000     
